G,PA,AB,H,R,1B,2B,3B,HR,TB,RBI,BB,IBB,K,Auto K,SB,CS,SH,SF,GIDP,RGO,LGO,FO,PO,LO,AVG,OBP,SLG,OPS,ISO,BABIP,SB%,HR%,SO%,BB%,GB%,FB%,GB/FB,Avg Diff,nOBP,nSLG,RE24,WPA,GB_outs,FB_outs,Type,nPA,nAB,nH,nTB,nBB,nSF,nSH,Season,Hitter ID,is_sub_row,Team,Last Team,Last Session,WAR
7,20,18,3,4.0,0,0,1,2,11,5.0,2,0,0,0,0,0,0,0,1,0,3,4,8,0,0.16666666666666666,0.25,0.6111111111111112,0.8611111111111112,0.44444444444444453,0.0625,,0.1,0.0,0.1,0.25,0.75,0.3333333333333333,292.2,0.25,0.6111111111111112,1.0565203837843335,0.2312999999999999,4,12,S,20,18,3,11,2,0,0,S7,2.0,False,RRR,RRR,13,0.1785988215396724
7,18,16,5,2.0,1,2,0,2,13,7.0,2,0,2,1,0,0,0,0,0,3,2,4,0,0,0.3125,0.3888888888888889,0.8125,1.2013888888888888,0.5,0.25,,0.1111111111111111,0.1111111111111111,0.1111111111111111,0.5555555555555556,0.4444444444444444,1.25,224.64705882352942,0.3333333333333333,0.8235294117647058,3.0105073825864626,0.495,5,4,1B,18,17,5,14,1,0,0,S7,10.0,False,SSC,SSC,13,0.36670284310376144
5,13,12,2,1.0,1,1,0,0,3,2.0,1,0,3,0,0,0,0,0,0,2,3,2,0,0,0.16666666666666666,0.23076923076923078,0.25,0.4807692307692308,0.08333333333333334,0.2222222222222222,,0.0,0.23076923076923078,0.07692307692307693,0.7142857142857143,0.2857142857142857,2.5,296.0,0.23076923076923078,0.25,-1.106158574028286,-0.020399999999999988,5,2,BC,13,12,2,3,1,0,0,S7,17.0,False,RRR,RRR,6,-0.06320044834802321
2,4,4,0,0.0,0,0,0,0,0,0.0,0,0,1,0,0,0,0,0,0,1,0,2,0,0,0.0,0.0,0.0,0.0,0.0,0.0,,0.0,0.25,0.0,0.3333333333333333,0.6666666666666666,0.5,282.0,0.0,0.0,-1.572936427270942,-0.15309999999999996,1,2,TT,4,4,0,0,0,0,0,S7,20.0,False,BBB,BBB,8,-0.1427042860948464
3,9,7,2,2.0,0,0,0,2,8,2.0,2,0,1,0,0,0,0,0,0,2,1,0,1,0,0.2857142857142857,0.4444444444444444,1.1428571428571428,1.5873015873015872,0.8571428571428571,0.0,,0.2222222222222222,0.1111111111111111,0.2222222222222222,0.75,0.25,3.0,227.77777777777777,0.3333333333333333,1.0,1.098223067793766,0.18810000000000002,3,1,XB,9,8,2,8,1,0,0,S7,22.0,False,BBC,BBC,12,0.1426483592019342
5,15,15,1,0.0,1,0,0,0,1,0.0,0,0,4,0,0,0,0,0,0,4,4,0,2,0,0.06666666666666667,0.06666666666666667,0.06666666666666667,0.13333333333333333,0.0,0.09090909090909091,,0.0,0.26666666666666666,0.0,0.8,0.2,4.0,373.6,0.06666666666666667,0.06666666666666667,-3.515799651940589,-0.3511000000000001,8,2,S,15,15,1,1,0,0,0,S7,28.0,False,BBC,BBC,13,-0.2968698778231296
10,28,26,5,1.0,2,2,0,1,10,3.0,2,0,10,0,2,0,0,0,0,3,4,3,1,0,0.19230769230769232,0.25,0.38461538461538464,0.6346153846153846,0.19230769230769232,0.26666666666666666,1.0,0.03571428571428571,0.35714285714285715,0.07142857142857142,0.6363636363636364,0.36363636363636365,1.75,271.86206896551727,0.25,0.36,-0.8219426799847389,0.1045,7,4,TT,28,25,4,9,3,0,0,S7,32.0,False,2TM,BBB,14,0.019931228427260805
10,26,24,4,0.0,2,2,0,0,6,1.0,2,0,9,0,2,0,0,0,0,3,4,3,1,0,0.16666666666666666,0.23076923076923078,0.25,0.4807692307692308,0.08333333333333334,0.26666666666666666,1.0,0.0,0.34615384615384615,0.07692307692307693,0.6363636363636364,0.36363636363636365,1.75,282.4074074074074,0.23076923076923078,0.21739130434782608,-1.4544605867429292,-0.1122,7,4,TT,26,23,3,5,3,0,0,S7,32.0,True,BBB,BBB,14,-0.05061524056468214
2,2,2,1,1.0,0,0,0,1,4,2.0,0,0,1,0,0,0,0,0,0,0,0,0,0,0,0.5,0.5,2.0,2.5,1.5,,,0.5,0.5,0.0,,,,129.5,0.5,2.0,0.6325179067581901,0.21669999999999998,0,0,TT,2,2,1,4,0,0,0,S7,32.0,True,FAP,FAP,11,0.07054646899194292
6,17,15,4,1.0,3,1,0,0,5,1.0,2,0,0,0,0,0,0,0,1,3,2,3,3,0,0.26666666666666666,0.35294117647058826,0.3333333333333333,0.6862745098039216,0.06666666666666665,0.26666666666666666,,0.0,0.0,0.11764705882352941,0.5,0.5,1.0,272.3529411764706,0.35294117647058826,0.375,-0.6231882229034968,-0.13180000000000003,6,6,BC,17,16,5,6,1,0,0,S7,33.0,False,PBA,PBA,13,-0.00031405660329647533
3,3,3,2,1.0,0,1,1,0,5,0.0,0,0,0,0,0,0,0,0,0,1,0,0,0,0,0.6666666666666666,0.6666666666666666,1.6666666666666667,2.3333333333333335,1.0,0.6666666666666666,,0.0,0.0,0.0,1.0,0.0,,188.66666666666666,0.6666666666666666,1.6666666666666667,0.8735950838797727,0.06090000000000001,1,0,S,3,3,2,5,0,0,0,S7,34.0,False,FAP,FAP,14,0.09830152586216313
7,17,16,3,2.0,2,0,0,1,6,2.0,1,0,3,1,0,0,0,0,1,2,2,3,3,0,0.1875,0.23529411764705882,0.375,0.6102941176470589,0.1875,0.16666666666666666,,0.058823529411764705,0.17647058823529413,0.058823529411764705,0.45454545454545453,0.5454545454545454,0.8333333333333334,281.1875,0.23529411764705882,0.3333333333333333,-0.5966121282858452,-0.03739999999999999,5,6,BP,17,15,2,5,2,0,0,S7,35.0,False,TRI,TRI,13,0.0023435528584686894
1,3,3,0,0.0,0,0,0,0,0,0.0,0,0,2,0,0,0,0,0,0,1,0,0,0,0,0.0,0.0,0.0,0.0,0.0,0.0,,0.0,0.6666666666666666,0.0,1.0,0.0,,336.6666666666667,0.0,0.0,-0.6637626628720672,-0.0483,1,0,XB,3,3,0,0,0,0,0,S7,36.0,False,RRR,RRR,11,-0.05543424881302086
1,4,3,1,0.0,1,0,0,0,1,2.0,1,0,1,0,0,0,0,0,0,0,0,1,0,0,0.3333333333333333,0.5,0.3333333333333333,0.8333333333333333,0.0,0.5,,0.0,0.25,0.25,0.0,1.0,0.0,231.5,0.5,0.3333333333333333,1.2458020242616468,0.15139999999999998,0,1,BC,4,3,1,1,1,0,0,S7,39.0,False,BBC,BBC,3,0.1391695590584125
9,24,24,7,2.0,5,1,0,1,11,1.0,0,0,2,0,0,0,0,0,0,2,1,7,5,0,0.2916666666666667,0.2916666666666667,0.4583333333333333,0.75,0.16666666666666663,0.2857142857142857,,0.041666666666666664,0.08333333333333333,0.0,0.2,0.8,0.25,245.25,0.2916666666666667,0.43478260869565216,-1.8783182176256847,-0.2205,3,12,BC,24,23,6,10,1,0,0,S7,41.0,False,RRR,RRR,14,-0.10029568196908159
2,3,2,0,0.0,0,0,0,0,0,0.0,1,0,1,1,0,0,0,0,0,0,0,1,0,0,0.0,0.3333333333333333,0.0,0.3333333333333333,0.0,0.0,,0.0,0.3333333333333333,0.3333333333333333,0.0,1.0,0.0,212.5,0.3333333333333333,0.0,0.009753770264941564,-0.0206,0,1,1B,3,2,0,0,1,0,0,S7,42.0,False,2TM,FAP,8,0.011917394500680016
1,2,1,0,0.0,0,0,0,0,0,0.0,1,0,0,0,0,0,0,0,0,0,0,1,0,0,0.0,0.5,0.0,0.5,0.0,0.0,,0.0,0.0,0.5,0.0,1.0,0.0,212.5,0.5,0.0,0.16828063962615458,0.0011000000000000003,0,1,1B,2,1,0,0,1,0,0,S7,42.0,True,MMA,MMA,1,0.024122742278739364
1,1,1,0,0.0,0,0,0,0,0,0.0,0,0,1,1,0,0,0,0,0,0,0,0,0,0,0.0,0.0,0.0,0.0,0.0,,,0.0,1.0,0.0,,,,,0.0,0.0,-0.15852686936121302,-0.0217,0,0,1B,1,1,0,0,0,0,0,S7,42.0,True,FAP,FAP,8,-0.012205347778059348
3,7,7,2,0.0,2,0,0,0,2,0.0,0,0,2,0,0,0,0,0,0,1,1,1,0,0,0.2857142857142857,0.2857142857142857,0.2857142857142857,0.5714285714285714,0.0,0.4,,0.0,0.2857142857142857,0.0,0.6666666666666666,0.3333333333333333,2.0,276.85714285714283,0.2857142857142857,0.2857142857142857,-0.8389854413661642,-0.0276,2,1,BC,7,7,2,2,0,0,0,S7,48.0,False,BBC,BBC,12,-0.05836717003018275
8,24,23,6,5.0,1,1,2,2,17,4.0,0,0,8,0,0,0,0,1,0,1,2,7,0,0,0.2608695652173913,0.25,0.7391304347826086,0.9891304347826086,0.47826086956521735,0.2857142857142857,,0.08333333333333333,0.3333333333333333,0.0,0.2727272727272727,0.7272727272727273,0.375,244.91666666666666,0.25,0.5909090909090909,1.254576453155746,0.06269999999999995,3,8,BN,24,22,5,13,1,1,0,S7,55.0,False,RRR,RRR,14,0.21299378510906147
7,18,12,4,2.0,2,1,0,1,8,2.0,6,0,1,0,0,1,0,0,0,1,2,2,2,0,0.3333333333333333,0.5555555555555556,0.6666666666666666,1.2222222222222223,0.3333333333333333,0.3,0.0,0.05555555555555555,0.05555555555555555,0.3333333333333333,0.42857142857142855,0.5714285714285714,0.75,229.57894736842104,0.5555555555555556,0.6666666666666666,1.8466272858659383,0.13979999999999998,3,4,WC,18,12,4,8,6,0,0,S7,63.0,False,STK,STK,14,0.250314833431709
3,6,6,2,0.0,0,2,0,0,4,2.0,0,0,2,0,0,0,0,0,0,0,0,1,1,0,0.3333333333333333,0.3333333333333333,0.6666666666666666,1.0,0.3333333333333333,0.5,,0.0,0.3333333333333333,0.0,0.0,1.0,0.0,233.16666666666666,0.3333333333333333,0.6666666666666666,1.4656908301648346,0.39599999999999996,0,2,BN,6,6,2,4,0,0,0,S7,65.0,False,SSC,SSC,14,0.16845311796485518
7,16,16,4,3.0,1,3,0,0,7,0.0,0,0,0,0,0,0,0,0,2,4,1,3,4,0,0.25,0.25,0.4375,0.6875,0.1875,0.25,,0.0,0.0,0.0,0.5,0.5,1.0,265.0,0.25,0.4375,-3.0280982936720133,-0.1808,7,7,SF,16,16,4,7,0,0,0,S7,66.0,False,SSC,SSC,13,-0.24445240283821007
2,4,4,0,0.0,0,0,0,0,0,0.0,0,0,0,0,0,0,0,0,0,0,2,2,0,0,0.0,0.0,0.0,0.0,0.0,0.0,,0.0,0.0,0.0,0.5,0.5,1.0,316.25,0.0,0.0,-0.7336526781318815,-0.057800000000000004,2,2,WC,4,4,0,0,0,0,0,S7,68.0,False,STK,STK,11,-0.058775911180940346
8,18,16,4,0.0,2,1,1,0,7,3.0,2,0,3,1,1,0,0,0,0,1,3,4,1,0,0.25,0.3333333333333333,0.4375,0.7708333333333333,0.1875,0.3076923076923077,1.0,0.0,0.16666666666666666,0.1111111111111111,0.4444444444444444,0.5555555555555556,0.8,237.11111111111111,0.3333333333333333,0.4117647058823529,1.4270800060068476,0.3648,4,5,BC,18,17,5,7,1,0,0,S7,71.0,False,PBA,PBA,10,0.20836010544579991
2,4,4,2,0.0,1,0,1,0,4,0.0,0,0,2,1,0,0,0,0,0,0,0,0,0,0,0.5,0.5,1.0,1.5,0.5,1.0,,0.0,0.5,0.0,,,,141.66666666666666,0.5,0.6666666666666666,0.4554723021618984,0.13919999999999996,0,0,XB,4,3,1,2,1,0,0,S7,72.0,False,FAP,FAP,4,0.06013658684843766
4,11,10,3,1.0,2,0,0,1,6,2.0,1,0,1,0,0,1,0,0,0,0,1,3,2,0,0.3,0.36363636363636365,0.6,0.9636363636363636,0.3,0.25,0.0,0.09090909090909091,0.09090909090909091,0.09090909090909091,0.16666666666666666,0.8333333333333334,0.2,250.91666666666666,0.2727272727272727,0.5454545454545454,-1.1127981741068655,-0.16610000000000003,1,5,BN,11,11,3,6,0,0,0,S7,73.0,False,RRR,RRR,13,-0.07115908667200507
1,3,2,1,1.0,0,0,0,1,4,1.0,1,0,1,0,0,0,0,0,0,0,0,0,0,0,0.5,0.6666666666666666,2.0,2.6666666666666665,1.5,,,0.3333333333333333,0.3333333333333333,0.3333333333333333,,,,131.33333333333334,0.6666666666666666,2.0,0.7219539235962119,0.1483,0,0,BN,3,2,1,4,1,0,0,S7,76.0,False,RRR,RRR,8,0.08313740983380705
5,13,12,6,3.0,0,5,1,0,13,1.0,1,0,1,0,0,1,0,0,0,2,2,1,0,0,0.5,0.5384615384615384,1.0833333333333333,1.6217948717948718,0.5833333333333333,0.5454545454545454,0.0,0.0,0.07692307692307693,0.07692307692307693,0.8,0.2,4.0,200.85714285714286,0.46153846153846156,0.9230769230769231,2.4250298029129054,0.1308,4,1,HK,13,13,6,12,0,0,0,S7,78.0,False,2TM,BAC,13,0.28991838934609593
3,9,9,5,3.0,0,4,1,0,11,1.0,0,0,0,0,0,1,0,0,0,2,1,1,0,0,0.5555555555555556,0.5555555555555556,1.2222222222222223,1.777777777777778,0.6666666666666667,0.5555555555555556,0.0,0.0,0.0,0.0,0.75,0.25,3.0,186.2,0.5555555555555556,1.1111111111111112,2.460395745304106,0.13369999999999999,3,1,HK,9,9,5,10,0,0,0,S7,78.0,True,SSJ,SSJ,7,0.2788656269529682
2,4,3,1,0.0,0,1,0,0,2,0.0,1,0,1,0,0,0,0,0,0,0,1,0,0,0,0.3333333333333333,0.5,0.6666666666666666,1.1666666666666665,0.3333333333333333,0.5,,0.0,0.25,0.25,1.0,0.0,,237.5,0.25,0.5,-0.03536594239120083,-0.0028999999999999963,1,0,HK,4,4,1,2,0,0,0,S7,78.0,True,BAC,BAC,13,0.011052762393127729
2,5,5,0,0.0,0,0,0,0,0,0.0,0,0,5,0,0,0,0,0,0,0,0,0,0,0,0.0,0.0,0.0,0.0,0.0,,,0.0,1.0,0.0,,,,301.2,0.0,0.0,-0.9953738578230655,-0.16699999999999998,0,0,BP,5,5,0,0,0,0,0,S7,79.0,False,SCG,SCG,6,-0.08130068999199679
1,3,3,0,0.0,0,0,0,0,0,0.0,0,0,2,0,0,0,0,0,0,0,0,0,1,0,0.0,0.0,0.0,0.0,0.0,0.0,,0.0,0.6666666666666666,0.0,0.0,1.0,0.0,331.6666666666667,0.0,0.0,-0.8115729457650012,-0.1126,0,1,BP,3,3,0,0,0,0,0,S7,84.0,False,RRR,RRR,1,-0.07021527710231426
3,7,6,1,1.0,0,0,1,0,3,0.0,1,0,1,0,0,0,0,0,0,1,1,1,1,0,0.16666666666666666,0.2857142857142857,0.5,0.7857142857142857,0.33333333333333337,0.2,,0.0,0.14285714285714285,0.14285714285714285,0.5,0.5,1.0,265.57142857142856,0.2857142857142857,0.3333333333333333,-0.07471249152529552,-0.07919999999999999,2,2,EN,7,6,1,2,1,0,0,S7,89.0,False,2TM,RRR,6,0.018060124953904123
1,2,2,0,0.0,0,0,0,0,0,0.0,0,0,0,0,0,0,0,0,0,0,1,1,0,0,0.0,0.0,0.0,0.0,0.0,0.0,,0.0,0.0,0.0,0.5,0.5,1.0,338.5,0.0,0.0,-0.4165989394094555,-0.0366,1,1,EN,2,2,0,0,0,0,0,S7,89.0,True,FAP,FAP,3,-0.03436521562482164
2,5,4,1,1.0,0,0,1,0,3,0.0,1,0,1,0,0,0,0,0,0,1,0,0,1,0,0.25,0.4,0.75,1.15,0.5,0.3333333333333333,,0.0,0.2,0.2,0.5,0.5,1.0,236.4,0.4,0.5,0.34188644788416,-0.0426,1,1,EN,5,4,1,2,1,0,0,S7,89.0,True,RRR,RRR,6,0.05242534057872576
1,2,2,0,0.0,0,0,0,0,0,0.0,0,0,1,0,0,0,0,0,0,0,0,1,0,0,0.0,0.0,0.0,0.0,0.0,0.0,,0.0,0.5,0.0,0.0,1.0,0.0,266.5,0.0,0.0,-0.7665324465616075,-0.12940000000000002,0,1,S,2,2,0,0,0,0,0,S7,90.0,False,CPR,CPR,6,-0.06935856634003684
4,13,12,5,3.0,2,1,1,1,11,2.0,1,0,2,0,0,0,0,0,0,1,0,3,1,0,0.4166666666666667,0.46153846153846156,0.9166666666666666,1.3782051282051282,0.49999999999999994,0.4444444444444444,,0.07692307692307693,0.15384615384615385,0.07692307692307693,0.2,0.8,0.25,190.15384615384616,0.46153846153846156,0.6666666666666666,0.6619813715569767,-0.10429999999999999,1,4,TT,13,12,5,8,1,0,0,S7,91.0,False,STK,STK,14,0.11361354621050306
2,5,5,1,0.0,1,0,0,0,1,0.0,0,0,1,0,0,0,0,0,0,1,1,1,0,0,0.2,0.2,0.2,0.4,0.0,0.25,,0.0,0.2,0.0,0.6666666666666666,0.3333333333333333,2.0,297.8,0.2,0.2,-0.3538249394514314,-0.07919999999999999,2,1,BP,5,5,1,1,0,0,0,S7,92.0,False,BAC,BAC,5,-0.017145798154833376
1,5,4,1,2.0,0,0,0,1,4,2.0,1,0,1,0,0,0,0,0,1,1,1,0,0,0,0.25,0.4,1.0,1.4,0.75,0.0,,0.2,0.2,0.2,1.0,0.0,,259.4,0.4,1.0,-0.42536096675921176,0.06120000000000003,3,0,XB,5,4,1,4,1,0,0,S7,93.0,False,SSC,SSC,5,-0.02429940088561141
2,7,5,2,2.0,1,0,0,1,5,1.0,2,0,0,0,0,0,0,0,0,0,1,2,0,0,0.4,0.5714285714285714,1.0,1.5714285714285714,0.6,0.25,,0.14285714285714285,0.0,0.2857142857142857,0.3333333333333333,0.6666666666666666,0.5,197.57142857142858,0.5714285714285714,1.0,0.766089555807145,0.036500000000000005,1,2,SM,7,5,2,5,2,0,0,S7,99.0,False,BAC,BAC,10,0.10214032968714817
5,11,9,2,1.0,1,1,0,0,3,0.0,2,0,2,0,0,0,0,0,1,0,1,3,1,0,0.2222222222222222,0.36363636363636365,0.3333333333333333,0.696969696969697,0.1111111111111111,0.2857142857142857,,0.0,0.18181818181818182,0.18181818181818182,0.3333333333333333,0.6666666666666666,0.5,227.36363636363637,0.36363636363636365,0.3333333333333333,-1.465016397520833,-0.19070000000000004,2,4,1B,11,9,2,3,2,0,0,S7,100.0,False,BAC,BAC,14,-0.1063809090134018
3,7,7,3,1.0,1,2,0,0,5,0.0,0,0,1,0,0,0,0,0,0,0,0,0,3,0,0.42857142857142855,0.42857142857142855,0.7142857142857143,1.1428571428571428,0.28571428571428575,0.5,,0.0,0.14285714285714285,0.0,0.0,1.0,0.0,231.42857142857142,0.42857142857142855,0.7142857142857143,0.17996798119546153,-0.0197,0,3,S,7,7,3,5,0,0,0,S7,103.0,False,BAC,BAC,9,0.04352817222597983
3,6,6,1,1.0,0,0,1,0,3,1.0,0,0,2,1,0,0,0,0,0,1,0,2,0,0,0.16666666666666666,0.16666666666666666,0.5,0.6666666666666666,0.33333333333333337,0.25,,0.0,0.3333333333333333,0.0,0.3333333333333333,0.6666666666666666,0.5,235.4,0.16666666666666666,0.6666666666666666,0.02955061840848272,0.08020000000000001,1,2,BN,6,6,1,4,0,0,0,S7,104.0,False,BAC,BAC,13,0.024839096789219993
3,10,9,3,3.0,3,0,0,0,3,1.0,1,1,3,1,0,0,0,0,1,1,1,0,1,0,0.3333333333333333,0.4,0.3333333333333333,0.7333333333333334,0.0,0.5,,0.0,0.3,0.1,0.75,0.25,3.0,274.25,0.4,0.3333333333333333,-0.21388155674602816,0.00499999999999999,3,1,BC,10,9,3,3,1,0,0,S7,106.0,False,BAC,BAC,14,0.015085235906016714
4,11,11,6,4.0,1,3,0,2,15,3.0,0,0,2,0,0,0,0,0,1,1,2,0,0,0,0.5454545454545454,0.5454545454545454,1.3636363636363635,1.909090909090909,0.8181818181818181,0.5714285714285714,,0.18181818181818182,0.18181818181818182,0.0,1.0,0.0,,189.54545454545453,0.5454545454545454,1.4,3.2991628218248072,0.36440000000000006,4,0,BC,11,10,5,14,1,0,0,S7,108.0,False,KNX,KNX,14,0.3700370129211622
2,6,6,2,0.0,1,1,0,0,3,1.0,0,0,2,1,0,0,0,0,0,0,2,0,0,0,0.3333333333333333,0.3333333333333333,0.5,0.8333333333333333,0.16666666666666669,0.5,,0.0,0.3333333333333333,0.0,1.0,0.0,,282.2,0.3333333333333333,0.5,-0.36639425608619913,0.0367,2,0,BP,6,6,2,3,0,0,0,S7,109.0,False,KNX,KNX,11,-0.014755390660248193
5,13,11,2,1.0,2,0,0,0,2,0.0,2,0,1,0,0,0,0,0,1,3,1,3,1,0,0.18181818181818182,0.3076923076923077,0.18181818181818182,0.48951048951048953,0.0,0.2,,0.0,0.07692307692307693,0.15384615384615385,0.5555555555555556,0.4444444444444444,1.25,274.3076923076923,0.3076923076923077,0.18181818181818182,-1.434567872693578,-0.14190000000000003,5,4,BC,13,11,2,2,2,0,0,S7,112.0,False,KNX,KNX,10,-0.09604137821455241
5,13,12,3,4.0,0,0,0,3,12,4.0,1,0,4,1,0,0,0,0,1,2,2,0,1,0,0.25,0.3076923076923077,1.0,1.3076923076923077,0.75,0.0,,0.23076923076923078,0.3076923076923077,0.07692307692307693,0.8333333333333334,0.16666666666666666,5.0,269.0,0.3076923076923077,1.0,2.0179369660888278,0.024199999999999982,5,1,HK,13,12,3,12,1,0,0,S7,113.0,False,KNX,KNX,13,0.24920910566368817
6,17,15,3,0.0,3,0,0,0,3,1.0,1,0,1,0,0,0,1,0,1,3,1,5,2,0,0.2,0.25,0.2,0.45,0.0,0.21428571428571427,,0.0,0.058823529411764705,0.058823529411764705,0.4166666666666667,0.5833333333333334,0.7142857142857143,268.4117647058824,0.25,0.2,-2.5882437602288384,-0.27449999999999997,5,7,BC,17,15,3,3,1,0,1,S7,116.0,False,SSC,SSC,10,-0.19681961033583062
11,28,27,9,5.0,6,0,0,3,18,6.0,1,0,1,0,0,0,0,0,0,4,2,6,5,0,0.3333333333333333,0.35714285714285715,0.6666666666666666,1.0238095238095237,0.3333333333333333,0.2608695652173913,,0.10714285714285714,0.03571428571428571,0.03571428571428571,0.35294117647058826,0.6470588235294118,0.5454545454545454,232.25,0.35714285714285715,0.6538461538461539,2.9314120035103017,0.6198,6,11,1B,28,26,8,17,2,0,0,S7,117.0,False,KNX,KNX,14,0.3952666967767649
4,8,7,2,1.0,1,0,0,1,5,2.0,0,0,2,0,0,0,0,1,1,1,2,1,0,0,0.2857142857142857,0.25,0.7142857142857143,0.9642857142857143,0.4285714285714286,0.2,,0.125,0.25,0.0,0.6666666666666666,0.3333333333333333,2.0,289.875,0.25,0.7142857142857143,-1.0311915882004483,-0.18600000000000005,4,2,1B,8,7,2,5,0,1,0,S7,119.0,False,KNX,KNX,13,-0.07394044555554921
4,10,9,4,1.0,4,0,0,0,4,0.0,1,0,1,0,0,0,0,0,0,2,1,0,1,0,0.4444444444444444,0.5,0.4444444444444444,0.9444444444444444,0.0,0.5,,0.0,0.1,0.1,0.75,0.25,3.0,243.8,0.4,0.4,0.010372452912811025,0.05409999999999998,3,1,BC,10,10,4,4,0,0,0,S7,122.0,False,KNX,KNX,11,0.037510636871900635
3,8,7,1,0.0,0,1,0,0,2,0.0,1,0,4,0,0,0,0,0,0,0,0,0,2,0,0.14285714285714285,0.25,0.2857142857142857,0.5357142857142857,0.14285714285714285,0.3333333333333333,,0.0,0.5,0.125,0.0,1.0,0.0,239.0,0.25,0.2857142857142857,-2.42824453129173,-0.14329999999999998,0,2,XB,8,7,1,2,1,0,0,S7,129.0,False,TBL,TBL,9,-0.2136457398646774
7,16,13,3,1.0,3,0,0,0,3,1.0,3,0,3,2,0,0,0,0,0,1,1,3,2,0,0.23076923076923078,0.375,0.23076923076923078,0.6057692307692308,0.0,0.3,,0.0,0.1875,0.1875,0.2857142857142857,0.7142857142857143,0.4,229.71428571428572,0.3125,0.21428571428571427,-0.9862299425777978,-0.2903,2,5,1B,16,14,3,3,2,0,0,S7,131.0,False,WSW,WSW,9,-0.04026556772878853
1,3,2,0,1.0,0,0,0,0,0,0.0,1,0,1,0,0,0,0,0,0,0,0,0,1,0,0.0,0.3333333333333333,0.0,0.3333333333333333,0.0,0.0,,0.0,0.3333333333333333,0.3333333333333333,0.0,1.0,0.0,244.33333333333334,0.3333333333333333,0.0,-0.6897164024195168,-0.0162,0,1,TT,3,2,0,0,1,0,0,S7,132.0,False,SCG,SCG,2,-0.05802962276776582
14,38,34,16,10.0,5,2,1,8,44,15.0,4,0,1,0,0,2,0,0,3,2,10,2,3,0,0.47058823529411764,0.5263157894736842,1.2941176470588236,1.8204334365325079,0.823529411764706,0.32,0.0,0.21052631578947367,0.02631578947368421,0.10526315789473684,0.75,0.25,3.0,212.05,0.5,1.121212121212121,7.187514504273328,1.319,15,5,MH,38,33,14,37,5,0,0,S7,134.0,False,SSJ,SSJ,14,0.857350338433687
6,9,9,2,1.0,1,0,0,1,5,1.0,0,0,4,0,0,0,0,0,0,1,0,2,0,0,0.2222222222222222,0.2222222222222222,0.5555555555555556,0.7777777777777778,0.33333333333333337,0.25,,0.1111111111111111,0.4444444444444444,0.0,0.3333333333333333,0.6666666666666666,0.5,264.55555555555554,0.2222222222222222,0.5555555555555556,-1.018979113473333,-0.22050000000000003,1,2,BC,9,9,2,5,0,0,0,S7,135.0,False,TBL,TBL,13,-0.06907185892477571
5,12,10,0,1.0,0,0,0,0,0,0.0,2,0,7,2,0,0,0,0,0,0,0,2,1,0,0.0,0.16666666666666666,0.0,0.16666666666666666,0.0,0.0,,0.0,0.5833333333333334,0.16666666666666666,0.0,1.0,0.0,274.4,0.16666666666666666,0.0,-1.8105831945077075,-0.22380000000000003,0,3,WC,12,10,0,0,2,0,0,S7,144.0,False,FAP,FAP,9,-0.1372902495540273
3,6,6,2,2.0,0,1,0,1,6,2.0,0,0,2,0,0,0,0,0,0,0,1,0,1,0,0.3333333333333333,0.3333333333333333,1.0,1.3333333333333333,0.6666666666666667,0.3333333333333333,,0.16666666666666666,0.3333333333333333,0.0,0.5,0.5,1.0,268.5,0.3333333333333333,1.0,0.5981251415294798,0.0768,1,1,BP,6,6,2,6,0,0,0,S7,146.0,False,WSW,WSW,6,0.08169654910131971
2,5,3,0,0.0,0,0,0,0,0,0.0,2,0,1,0,1,0,0,0,0,1,0,1,0,0,0.0,0.4,0.0,0.4,0.0,0.0,1.0,0.0,0.2,0.4,0.5,0.5,1.0,228.0,0.4,0.0,-0.770832396732552,-0.0606,1,1,WC,5,3,0,0,2,0,0,S7,149.0,False,STK,STK,12,-0.05884654388294543
1,1,1,0,0.0,0,0,0,0,0,0.0,0,0,0,0,0,0,0,0,0,0,0,1,0,0,0.0,0.0,0.0,0.0,0.0,0.0,,0.0,0.0,0.0,0.0,1.0,0.0,176.0,0.0,0.0,-0.24716372346261167,-0.025099999999999997,0,1,BC,1,1,0,0,0,0,0,S7,151.0,False,TBL,TBL,2,-0.021069033188199214
3,8,8,1,0.0,1,0,0,0,1,0.0,0,0,2,2,0,0,0,0,1,2,0,2,1,0,0.125,0.125,0.125,0.25,0.0,0.16666666666666666,,0.0,0.25,0.0,0.5,0.5,1.0,296.6666666666667,0.125,0.125,-1.6098694479204854,-0.278,3,3,1B,8,8,1,1,0,0,0,S7,153.0,False,CPR,CPR,13,-0.13180823152755292
5,14,11,2,3.0,0,1,0,1,6,3.0,3,0,5,2,0,0,0,0,0,1,2,0,1,0,0.18181818181818182,0.35714285714285715,0.5454545454545454,0.9025974025974026,0.3636363636363636,0.2,,0.07142857142857142,0.35714285714285715,0.21428571428571427,0.75,0.25,3.0,257.0833333333333,0.35714285714285715,0.5454545454545454,2.049859759654899,0.26470000000000005,3,1,1B,14,11,2,6,3,0,0,S7,160.0,False,WSW,WSW,14,0.2560487241783572
3,7,7,1,0.0,1,0,0,0,1,0.0,0,0,2,0,0,0,0,0,1,2,1,0,1,0,0.14285714285714285,0.14285714285714285,0.14285714285714285,0.2857142857142857,0.0,0.2,,0.0,0.2857142857142857,0.0,0.8,0.2,4.0,344.2857142857143,0.14285714285714285,0.14285714285714285,-1.4516004432713043,-0.20159999999999997,4,1,BN,7,7,1,1,0,0,0,S7,161.0,False,BBB,BBB,9,-0.11962867022069676
3,7,7,3,1.0,0,3,0,0,6,0.0,0,0,1,0,0,0,0,0,0,0,2,1,0,0,0.42857142857142855,0.42857142857142855,0.8571428571428571,1.2857142857142856,0.42857142857142855,0.5,,0.0,0.14285714285714285,0.0,0.6666666666666666,0.3333333333333333,2.0,232.71428571428572,0.42857142857142855,0.7142857142857143,0.9076751849184987,0.08879999999999999,2,1,BC,7,7,3,5,0,0,0,S7,162.0,False,MMA,MMA,11,0.11629889259828355
13,34,30,9,5.0,2,5,1,1,19,3.0,4,0,7,0,0,0,0,0,0,4,3,6,1,0,0.3,0.38235294117647056,0.6333333333333333,1.0156862745098039,0.3333333333333333,0.36363636363636365,,0.029411764705882353,0.20588235294117646,0.11764705882352941,0.5,0.5,1.0,234.11764705882354,0.38235294117647056,0.6,2.1972600772732407,-0.030100000000000085,7,7,BP,34,30,9,18,4,0,0,S7,163.0,False,WSW,WSW,14,0.34373553910143045
11,24,22,7,7.0,1,2,0,4,21,6.0,2,0,4,0,0,0,0,0,0,3,3,4,1,0,0.3181818181818182,0.375,0.9545454545454546,1.3295454545454546,0.6363636363636365,0.21428571428571427,,0.16666666666666666,0.16666666666666666,0.08333333333333333,0.5454545454545454,0.45454545454545453,1.2,245.83333333333334,0.375,0.8636363636363636,3.554719118772432,0.5778999999999999,6,5,BP,24,22,7,19,2,0,0,S7,165.0,False,WSW,WSW,14,0.44300805167073004
3,10,10,4,1.0,4,0,0,0,4,0.0,0,0,1,0,0,1,0,0,0,0,0,0,5,0,0.4,0.4,0.4,0.8,0.0,0.4444444444444444,0.0,0.0,0.1,0.0,0.0,1.0,0.0,254.9090909090909,0.4,0.4,-2.4520864339728066,-0.26130000000000003,0,5,SF,10,10,4,4,0,0,0,S7,166.0,False,BBC,BBC,11,-0.2087352518166611
4,9,9,2,2.0,0,0,0,2,8,3.0,0,0,2,1,0,0,0,0,0,1,3,1,0,0,0.2222222222222222,0.2222222222222222,0.8888888888888888,1.1111111111111112,0.6666666666666666,0.0,,0.2222222222222222,0.2222222222222222,0.0,0.8,0.2,4.0,287.25,0.2222222222222222,0.7777777777777778,0.9778156469315362,-0.16509999999999997,4,1,BC,9,9,2,7,0,0,0,S7,170.0,False,WSW,WSW,10,0.1306076171157112
6,16,15,7,3.0,4,1,0,2,14,3.0,1,0,1,0,0,0,0,0,0,0,1,4,2,0,0.4666666666666667,0.5,0.9333333333333333,1.4333333333333333,0.4666666666666667,0.4166666666666667,,0.125,0.0625,0.0625,0.14285714285714285,0.8571428571428571,0.16666666666666666,192.1875,0.5,0.7692307692307693,2.1691902000497767,0.42180000000000006,1,6,BP,16,13,5,10,3,0,0,S7,176.0,False,TRI,TRI,14,0.27527644653396893
3,7,6,1,1.0,0,0,0,1,4,2.0,0,0,1,0,0,0,0,1,0,0,1,1,3,0,0.16666666666666666,0.14285714285714285,0.6666666666666666,0.8095238095238095,0.5,0.0,,0.14285714285714285,0.14285714285714285,0.0,0.16666666666666666,0.8333333333333334,0.2,304.57142857142856,0.14285714285714285,0.6666666666666666,-0.6446424615843214,-0.23059999999999997,1,5,BN,7,6,1,4,0,1,0,S7,178.0,False,CPR,CPR,7,-0.03893287205199846
13,40,37,14,6.0,8,2,0,4,28,7.0,3,1,7,0,6,2,0,0,3,5,1,8,2,0,0.3783783783783784,0.425,0.7567567567567568,1.1817567567567568,0.3783783783783784,0.38461538461538464,0.75,0.1,0.175,0.075,0.47368421052631576,0.5263157894736842,0.9,211.6595744680851,0.425,0.7567567567567568,5.074425090569335,0.5987999999999999,9,10,BC,40,37,14,28,3,0,0,S7,180.0,False,BBC,BBC,14,0.6533360753794116
5,14,12,2,1.0,0,1,0,1,6,2.0,2,0,2,0,1,0,0,0,0,2,3,3,0,0,0.16666666666666666,0.2857142857142857,0.5,0.7857142857142857,0.33333333333333337,0.1111111111111111,1.0,0.07142857142857142,0.14285714285714285,0.14285714285714285,0.625,0.375,1.6666666666666667,271.0,0.2857142857142857,0.4166666666666667,0.5584166477895818,-0.09319999999999999,5,3,BC,14,12,2,5,2,0,0,S7,183.0,False,CPR,CPR,14,0.10690441299182551
1,1,1,0,0.0,0,0,0,0,0,0.0,0,0,1,0,0,0,0,0,0,0,0,0,0,0,0.0,0.0,0.0,0.0,0.0,,,0.0,1.0,0.0,,,,331.0,0.0,0.0,-0.6956521739130435,-0.142,0,0,WC,1,1,0,0,0,0,0,S7,184.0,False,BBC,BBC,3,-0.06591787823324238
1,3,3,0,0.0,0,0,0,0,0,0.0,0,0,0,0,0,0,0,0,1,1,0,0,2,0,0.0,0.0,0.0,0.0,0.0,0.0,,0.0,0.0,0.0,0.5,0.5,1.0,355.3333333333333,0.0,0.0,-0.9739192836599172,-0.1278,2,2,1B,3,3,0,0,0,0,0,S7,186.0,False,BAC,BAC,3,-0.08644991089180586
9,26,22,2,3.0,1,0,0,1,5,2.0,3,0,3,1,0,0,0,1,0,2,2,13,1,0,0.09090909090909091,0.19230769230769232,0.22727272727272727,0.4195804195804196,0.13636363636363635,0.05263157894736842,,0.038461538461538464,0.11538461538461539,0.11538461538461539,0.21052631578947367,0.7894736842105263,0.26666666666666666,269.28,0.19230769230769232,0.22727272727272727,-2.934008810017421,-0.3682,4,15,SM,26,22,2,5,3,1,0,S7,187.0,False,FAP,FAP,10,-0.19857006289213133
4,11,9,2,0.0,2,0,0,0,2,1.0,2,0,1,0,0,0,0,0,1,2,2,2,0,0,0.2222222222222222,0.36363636363636365,0.2222222222222222,0.5858585858585859,0.0,0.25,,0.0,0.09090909090909091,0.18181818181818182,0.7142857142857143,0.2857142857142857,2.5,269.90909090909093,0.36363636363636365,0.2222222222222222,-0.3663621873804151,-0.0992,5,2,BC,11,9,2,2,2,0,0,S7,189.0,False,BBC,BBC,14,0.0034845120006399776
1,3,3,1,0.0,1,0,0,0,1,0.0,0,0,0,0,0,0,0,0,0,0,1,1,0,0,0.3333333333333333,0.3333333333333333,0.3333333333333333,0.6666666666666666,0.0,0.3333333333333333,,0.0,0.0,0.0,0.5,0.5,1.0,250.66666666666666,0.3333333333333333,0.3333333333333333,-0.2578803099308907,-0.026299999999999997,1,1,BC,3,3,1,1,0,0,0,S7,190.0,False,BBC,BBC,9,-0.014846013518903212
3,6,6,1,1.0,0,0,0,1,4,1.0,0,0,2,0,0,0,0,0,0,1,0,2,0,0,0.16666666666666666,0.16666666666666666,0.6666666666666666,0.8333333333333333,0.5,0.0,,0.16666666666666666,0.3333333333333333,0.0,0.3333333333333333,0.6666666666666666,0.5,286.3333333333333,0.16666666666666666,0.6666666666666666,-0.2650103241708279,0.0783,1,2,WC,6,6,1,4,0,0,0,S7,194.0,False,BBC,BBC,7,-0.004616997468711073
4,9,7,2,0.0,2,0,0,0,2,1.0,2,0,1,0,0,0,0,0,0,0,2,2,0,0,0.2857142857142857,0.4444444444444444,0.2857142857142857,0.7301587301587301,0.0,0.3333333333333333,,0.0,0.1111111111111111,0.2222222222222222,0.5,0.5,1.0,238.66666666666666,0.4444444444444444,0.2857142857142857,0.3961071535916326,0.09330000000000001,2,2,1B,9,7,2,2,2,0,0,S7,195.0,False,PBA,PBA,13,0.07243676778172084
2,6,6,0,0.0,0,0,0,0,0,0.0,0,0,1,0,0,0,0,0,0,0,0,2,3,0,0.0,0.0,0.0,0.0,0.0,0.0,,0.0,0.16666666666666666,0.0,0.0,1.0,0.0,308.6666666666667,0.0,0.0,-1.613339305260499,-0.22639999999999996,0,5,S,6,6,0,0,0,0,0,S7,198.0,False,SCG,SCG,11,-0.13944989557767817
1,3,3,3,1.0,2,0,0,1,6,1.0,0,0,0,0,0,0,0,0,0,0,0,0,0,0,1.0,1.0,2.0,3.0,1.0,1.0,,0.3333333333333333,0.0,0.0,,,,69.33333333333333,1.0,1.6666666666666667,1.5640881741431538,0.26120000000000004,0,0,XB,3,3,3,5,0,0,0,S7,203.0,False,BBB,BBB,3,0.16735083488850125
4,9,8,3,2.0,1,1,0,1,7,1.0,1,0,3,2,0,0,0,0,0,0,0,0,2,0,0.375,0.4444444444444444,0.875,1.3194444444444444,0.5,0.5,,0.1111111111111111,0.3333333333333333,0.1111111111111111,0.0,1.0,0.0,202.42857142857142,0.4444444444444444,0.875,0.7087494634188137,0.2581,0,2,TT,9,8,3,7,1,0,0,S7,205.0,False,2TM,FAP,12,0.10370099876443895
2,5,4,1,0.0,1,0,0,0,1,0.0,1,0,2,2,0,0,0,0,0,0,0,0,1,0,0.25,0.4,0.25,0.65,0.0,0.5,,0.0,0.4,0.2,0.0,1.0,0.0,200.33333333333334,0.4,0.25,-0.43075250476589133,-0.018199999999999997,0,1,TT,5,4,1,1,1,0,0,S7,205.0,True,SCG,SCG,6,-0.02483855468627937
2,4,4,2,2.0,0,1,0,1,6,1.0,0,0,1,0,0,0,0,0,0,0,0,0,1,0,0.5,0.5,1.5,2.0,1.0,0.5,,0.25,0.25,0.0,0.0,1.0,0.0,204.0,0.5,1.5,1.139501968184705,0.2763,0,1,TT,4,4,2,6,0,0,0,S7,205.0,True,FAP,FAP,12,0.1285395534507183
1,3,3,1,0.0,1,0,0,0,1,1.0,0,0,0,0,0,0,0,0,0,1,0,1,0,0,0.3333333333333333,0.3333333333333333,0.3333333333333333,0.6666666666666666,0.0,0.3333333333333333,,0.0,0.0,0.0,0.5,0.5,1.0,251.66666666666666,0.3333333333333333,0.0,0.27905524785540836,0.18819999999999998,1,1,HK,3,2,0,0,1,0,0,S7,207.0,False,SSJ,SSJ,13,0.0388475422597267
1,2,2,1,0.0,0,1,0,0,2,2.0,0,0,0,0,0,0,0,0,0,0,0,1,0,0,0.5,0.5,1.0,1.5,0.5,0.5,,0.0,0.0,0.0,0.0,1.0,0.0,101.0,1.0,2.0,1.3209931102336845,0.08310000000000001,0,1,BN,2,1,1,2,1,0,0,S7,212.0,False,SCG,SCG,5,0.13939398933949237
2,7,7,5,3.0,1,1,1,2,14,3.0,0,0,0,0,0,0,0,0,0,1,1,0,0,0,0.7142857142857143,0.7142857142857143,2.0,2.7142857142857144,1.2857142857142856,0.6,,0.2857142857142857,0.0,0.0,1.0,0.0,,146.0,0.7142857142857143,2.0,2.841253671954896,0.2078,2,0,1B,7,7,5,14,0,0,0,S7,213.0,False,KNX,KNX,13,0.3096567413019233
1,1,1,1,0.0,0,0,1,0,3,2.0,0,0,0,0,0,0,0,0,0,0,0,0,0,0,1.0,1.0,3.0,4.0,2.0,1.0,,0.0,0.0,0.0,,,,17.0,1.0,4.0,1.6309523809523812,0.3427,0,0,SM,1,1,1,4,0,0,0,S7,227.0,False,SSC,SSC,5,0.16674257725330005
4,11,11,4,4.0,1,0,1,2,12,7.0,0,0,4,0,0,0,0,0,0,0,1,1,1,0,0.36363636363636365,0.36363636363636365,1.0909090909090908,1.4545454545454546,0.7272727272727272,0.4,,0.18181818181818182,0.36363636363636365,0.0,0.3333333333333333,0.6666666666666666,0.5,210.63636363636363,0.36363636363636365,1.0909090909090908,5.096636370651548,0.33990000000000004,1,2,XB,11,11,4,12,0,0,0,S7,230.0,False,SCG,SCG,11,0.5497843678038363
3,7,5,1,0.0,0,1,0,0,2,1.0,2,1,1,1,0,0,0,0,1,2,0,1,0,0,0.2,0.42857142857142855,0.4,0.8285714285714285,0.2,0.25,,0.0,0.14285714285714285,0.2857142857142857,0.75,0.25,3.0,252.4,0.42857142857142855,0.4,-0.09710468161560593,-0.048999999999999974,3,1,BP,7,5,1,2,2,0,0,S7,233.0,False,TBL,TBL,9,0.015820905944873082
6,16,16,6,2.0,2,1,2,1,14,5.0,0,0,2,0,0,0,0,0,0,0,1,3,4,0,0.375,0.375,0.875,1.25,0.5,0.38461538461538464,,0.0625,0.125,0.0,0.125,0.875,0.14285714285714285,231.6875,0.375,0.8666666666666667,3.3803877192628726,0.44329999999999997,1,7,S,16,15,5,13,1,0,0,S7,235.0,False,MMA,MMA,14,0.3963961984552785
3,6,5,3,2.0,1,1,0,1,7,3.0,1,0,1,0,0,0,0,0,0,0,0,1,0,0,0.6,0.6666666666666666,1.4,2.0666666666666664,0.7999999999999999,0.6666666666666666,,0.16666666666666666,0.16666666666666666,0.16666666666666666,0.0,1.0,0.0,137.16666666666666,0.6666666666666666,1.5,2.5031360845960626,0.1578,0,1,BC,6,6,4,9,0,0,0,S7,238.0,False,BAC,BAC,13,0.272197643407978
4,12,11,1,2.0,1,0,0,0,1,0.0,1,0,6,0,0,0,0,0,0,1,2,1,0,0,0.09090909090909091,0.16666666666666666,0.09090909090909091,0.25757575757575757,0.0,0.2,,0.0,0.5,0.08333333333333333,0.75,0.25,3.0,300.1666666666667,0.08333333333333333,0.0,-1.515721184003618,-0.25129999999999997,3,1,HK,12,11,0,0,1,0,0,S7,241.0,False,SSJ,SSJ,6,-0.10780404850361835
5,12,11,5,2.0,2,3,0,0,8,4.0,1,0,0,0,0,0,0,0,2,2,1,0,3,0,0.45454545454545453,0.5,0.7272727272727273,1.2272727272727273,0.27272727272727276,0.45454545454545453,,0.0,0.0,0.08333333333333333,0.625,0.375,1.6666666666666667,225.08333333333334,0.4166666666666667,0.6666666666666666,1.6060763117968029,0.053600000000000064,5,3,1B,12,12,5,8,0,0,0,S7,249.0,False,WSW,WSW,9,0.20437570107642372
1,4,2,1,0.0,1,0,0,0,1,0.0,2,0,0,0,0,0,0,0,0,0,0,1,0,0,0.5,0.75,0.5,1.25,0.0,0.5,,0.0,0.0,0.5,0.0,1.0,0.0,124.25,0.75,0.5,0.47781230370579253,-0.011099999999999999,0,1,WC,4,2,1,1,2,0,0,S7,251.0,False,SSC,SSC,5,0.06237058700282707
6,10,9,2,2.0,1,0,0,1,5,1.0,1,0,0,0,0,0,0,0,0,0,1,3,3,0,0.2222222222222222,0.3,0.5555555555555556,0.8555555555555556,0.33333333333333337,0.125,,0.1,0.0,0.1,0.14285714285714285,0.8571428571428571,0.16666666666666666,235.4,0.3,0.5555555555555556,-0.2034042884780119,0.07759999999999999,1,6,SF,10,9,2,5,1,0,0,S7,252.0,False,MMA,MMA,10,0.01613296273281834
9,22,21,3,3.0,1,1,0,1,7,1.0,1,0,4,1,0,0,0,0,0,6,0,5,3,0,0.14285714285714285,0.18181818181818182,0.3333333333333333,0.5151515151515151,0.19047619047619047,0.125,,0.045454545454545456,0.18181818181818182,0.045454545454545456,0.42857142857142855,0.5714285714285714,0.75,284.23809523809524,0.18181818181818182,0.3333333333333333,-2.0452066022338546,0.024999999999999967,6,8,WC,22,21,3,7,1,0,0,S7,255.0,False,2TM,BBB,14,-0.12427919874602249
5,12,11,2,2.0,0,1,0,1,6,1.0,1,0,2,0,0,0,0,0,0,3,0,3,1,0,0.18181818181818182,0.25,0.5454545454545454,0.7954545454545454,0.3636363636363636,0.125,,0.08333333333333333,0.16666666666666666,0.08333333333333333,0.42857142857142855,0.5714285714285714,0.75,258.25,0.25,0.5454545454545454,0.007997189484952372,0.15339999999999995,3,4,WC,12,11,2,6,1,0,0,S7,255.0,True,SSJ,SSJ,10,0.044567788845238675
4,10,10,1,1.0,1,0,0,0,1,0.0,0,0,2,1,0,0,0,0,0,3,0,2,2,0,0.1,0.1,0.1,0.2,0.0,0.125,,0.0,0.2,0.0,0.42857142857142855,0.5714285714285714,0.75,318.8888888888889,0.1,0.1,-2.053203791718807,-0.12840000000000001,3,4,WC,10,10,1,1,0,0,0,S7,255.0,True,BBB,BBB,14,-0.16884698759126116
8,19,18,2,1.0,0,0,1,1,7,2.0,1,0,6,5,0,0,0,0,1,1,2,4,3,0,0.1111111111111111,0.15789473684210525,0.3888888888888889,0.5467836257309941,0.2777777777777778,0.09090909090909091,,0.05263157894736842,0.3157894736842105,0.05263157894736842,0.36363636363636365,0.6363636363636364,0.5714285714285714,278.07142857142856,0.15789473684210525,0.3888888888888889,-1.574691244420437,0.2470999999999999,4,7,WC,19,18,2,7,1,0,0,S7,256.0,False,KNX,KNX,10,-0.0881696804388666
2,5,5,2,1.0,1,0,0,1,5,1.0,0,0,2,0,0,0,0,0,0,0,1,0,0,0,0.4,0.4,1.0,1.4,0.6,0.5,,0.2,0.4,0.0,1.0,0.0,,228.4,0.4,1.0,0.47266951898645637,-0.003799999999999998,1,0,EN,5,5,2,5,0,0,0,S7,257.0,False,BBB,BBB,5,0.0655036476889554
14,44,39,11,6.0,5,2,0,4,25,9.0,4,0,14,0,0,1,0,1,0,2,6,5,2,0,0.28205128205128205,0.3409090909090909,0.6410256410256411,0.981934731934732,0.35897435897435903,0.3181818181818182,0.0,0.09090909090909091,0.3181818181818182,0.09090909090909091,0.5,0.5,1.0,252.97727272727272,0.3409090909090909,0.5897435897435898,2.689361821485452,0.20690000000000008,8,8,BP,44,39,11,23,4,1,0,S7,258.0,False,2TM,SSC,14,0.4294191051032712
13,40,35,11,6.0,5,2,0,4,25,9.0,4,0,12,0,0,1,0,1,0,2,5,4,2,0,0.3142857142857143,0.375,0.7142857142857143,1.0892857142857144,0.4,0.35,0.0,0.1,0.3,0.1,0.5,0.5,1.0,246.425,0.375,0.6571428571428571,3.7868105169100748,0.43550000000000005,7,7,BP,40,35,11,23,4,1,0,S7,258.0,True,TBL,TBL,13,0.5245746180134856
1,4,4,0,0.0,0,0,0,0,0,0.0,0,0,2,0,0,0,0,0,0,0,1,1,0,0,0.0,0.0,0.0,0.0,0.0,0.0,,0.0,0.5,0.0,0.5,0.5,1.0,318.5,0.0,0.0,-1.0974486954246232,-0.22859999999999997,1,1,BP,4,4,0,0,0,0,0,S7,258.0,True,SSC,SSC,14,-0.09515551291021451
1,2,2,0,0.0,0,0,0,0,0,0.0,0,0,0,0,0,0,0,0,0,0,0,2,0,0,0.0,0.0,0.0,0.0,0.0,0.0,,0.0,0.0,0.0,0.0,1.0,0.0,168.5,0.0,0.0,-0.4056905928238247,-0.0655,0,2,XB,2,2,0,0,0,0,0,S7,259.0,False,WSW,WSW,3,-0.033274380966258565
13,41,34,8,5.0,4,2,1,1,15,2.0,7,1,6,0,3,0,0,0,0,5,1,12,2,0,0.23529411764705882,0.36585365853658536,0.4411764705882353,0.8070301291248206,0.20588235294117646,0.25925925925925924,1.0,0.024390243902439025,0.14634146341463414,0.17073170731707318,0.3,0.7,0.42857142857142855,239.58139534883722,0.36585365853658536,0.4411764705882353,-1.1887582629013398,-0.4098,6,14,SM,41,34,8,15,7,0,0,S7,262.0,False,2TM,BBC,14,0.03066507919040611
13,39,33,7,5.0,3,2,1,1,14,2.0,6,0,6,0,2,0,0,0,0,5,1,12,2,0,0.21212121212121213,0.3333333333333333,0.42424242424242425,0.7575757575757576,0.21212121212121213,0.23076923076923078,1.0,0.02564102564102564,0.15384615384615385,0.15384615384615385,0.3,0.7,0.42857142857142855,248.5609756097561,0.3333333333333333,0.42424242424242425,-1.7874091275405763,-0.44559999999999994,6,14,SM,39,33,7,14,6,0,0,S7,262.0,True,BBC,BBC,14,-0.03649468558964146
2,2,1,1,0.0,1,0,0,0,1,0.0,1,1,0,0,1,0,0,0,0,0,0,0,0,0,1.0,1.0,1.0,2.0,0.0,1.0,1.0,0.0,0.0,0.5,,,,55.5,1.0,1.0,0.5986508646392366,0.0358,0,0,SM,2,1,1,1,1,0,0,S7,262.0,True,FAP,FAP,10,0.06715976478004757
5,9,7,1,1.0,0,0,0,1,4,1.0,2,0,3,2,0,0,0,0,0,0,1,2,0,0,0.14285714285714285,0.3333333333333333,0.5714285714285714,0.9047619047619047,0.42857142857142855,0.0,,0.1111111111111111,0.3333333333333333,0.2222222222222222,0.3333333333333333,0.6666666666666666,0.5,218.28571428571428,0.3333333333333333,0.5714285714285714,0.43414596774890757,0.03820000000000001,1,2,WC,9,7,1,4,2,0,0,S7,264.0,False,STK,STK,13,0.07624064919744833
8,21,20,3,1.0,1,1,0,1,7,2.0,1,0,5,0,0,0,0,0,2,2,3,4,3,0,0.15,0.19047619047619047,0.35,0.5404761904761904,0.19999999999999998,0.14285714285714285,,0.047619047619047616,0.23809523809523808,0.047619047619047616,0.5,0.5,1.0,279.3809523809524,0.19047619047619047,0.3157894736842105,-3.6550364923596006,-0.354,7,7,BP,21,19,2,6,2,0,0,S7,265.0,False,TRI,TRI,12,-0.28890952691665905
1,3,3,2,2.0,2,0,0,0,2,0.0,0,0,1,0,0,0,0,0,0,0,0,0,0,0,0.6666666666666666,0.6666666666666666,0.6666666666666666,1.3333333333333333,0.0,1.0,,0.0,0.3333333333333333,0.0,,,,153.0,0.6666666666666666,0.6666666666666666,0.22444837743994517,-0.024800000000000016,0,0,1B,3,3,2,2,0,0,0,S7,268.0,False,BBC,BBC,3,0.03338685521818038
3,8,7,3,2.0,3,0,0,0,3,1.0,1,1,0,0,0,0,0,0,0,0,2,0,2,0,0.42857142857142855,0.5,0.42857142857142855,0.9285714285714286,0.0,0.42857142857142855,,0.0,0.0,0.125,0.5,0.5,1.0,265.2857142857143,0.5,0.3333333333333333,-0.005018660268310771,-0.03790000000000002,2,2,SF,8,6,2,2,2,0,0,S7,270.0,False,SSC,SSC,14,0.02867684723766455
2,6,6,1,1.0,0,0,0,1,4,1.0,0,0,2,0,0,0,0,0,0,1,0,0,2,0,0.16666666666666666,0.16666666666666666,0.6666666666666666,0.8333333333333333,0.5,0.0,,0.16666666666666666,0.3333333333333333,0.0,0.3333333333333333,0.6666666666666666,0.5,284.0,0.16666666666666666,0.6666666666666666,-0.22809165557028027,0.051600000000000014,1,2,XB,6,6,1,4,0,0,0,S7,271.0,False,WSW,WSW,7,-0.0009251306086563077
1,3,3,0,0.0,0,0,0,0,0,0.0,0,0,2,0,0,0,0,0,0,0,1,0,0,0,0.0,0.0,0.0,0.0,0.0,0.0,,0.0,0.6666666666666666,0.0,1.0,0.0,,334.6666666666667,0.0,0.0,-0.5680369307187407,-0.1149,1,0,WC,3,3,0,0,0,0,0,S7,275.0,False,CPR,CPR,9,-0.04586167559768821
2,5,5,3,1.0,2,1,0,0,4,1.0,0,0,0,0,0,0,0,0,2,1,1,0,0,0,0.6,0.6,0.8,1.4,0.20000000000000007,0.6,,0.0,0.0,0.0,1.0,0.0,,221.2,0.6,0.8,-1.1193535722214034,-0.12210000000000003,4,0,1B,5,5,3,4,0,0,0,S7,278.0,False,STK,STK,14,-0.09369866143183057
2,5,5,2,1.0,2,0,0,0,2,0.0,0,0,1,1,0,0,0,0,0,0,1,1,0,0,0.4,0.4,0.4,0.8,0.0,0.5,,0.0,0.2,0.0,0.5,0.5,1.0,213.0,0.4,0.4,-0.03457784569041272,0.006099999999999998,1,1,1B,5,5,2,2,0,0,0,S7,282.0,False,STK,STK,8,0.014778911221268492
2,5,4,1,0.0,1,0,0,0,1,0.0,1,0,0,0,0,0,0,0,0,0,1,2,0,0,0.25,0.4,0.25,0.65,0.0,0.25,,0.0,0.0,0.2,0.3333333333333333,0.6666666666666666,0.5,245.0,0.4,0.25,-0.4841249041497924,-0.014599999999999995,1,2,SM,5,4,1,1,1,0,0,S7,284.0,False,CPR,CPR,11,-0.030175794624669478
3,8,8,2,0.0,0,1,1,0,5,1.0,0,0,0,0,0,0,0,0,0,1,0,2,3,0,0.25,0.25,0.625,0.875,0.375,0.25,,0.0,0.0,0.0,0.16666666666666666,0.8333333333333334,0.2,267.875,0.25,0.5,-0.7452759090576055,0.021600000000000008,1,5,BP,8,8,2,4,0,0,0,S7,289.0,False,STK,STK,10,-0.045348877641264926
6,14,12,2,3.0,0,0,0,2,8,2.0,2,0,3,0,0,0,0,0,0,0,4,3,0,0,0.16666666666666666,0.2857142857142857,0.6666666666666666,0.9523809523809523,0.5,0.0,,0.14285714285714285,0.21428571428571427,0.14285714285714285,0.5714285714285714,0.42857142857142855,1.3333333333333333,253.78571428571428,0.2857142857142857,0.6666666666666666,0.3056324577302293,0.22650000000000006,4,3,BP,14,12,2,8,2,0,0,S7,290.0,False,STK,STK,13,0.08162599398589028
12,29,27,4,1.0,0,4,0,0,8,2.0,1,0,6,1,0,0,0,1,3,3,5,6,4,0,0.14814814814814814,0.1724137931034483,0.2962962962962963,0.46871008939974457,0.14814814814814814,0.18181818181818182,,0.0,0.20689655172413793,0.034482758620689655,0.5,0.5,1.0,279.67857142857144,0.1724137931034483,0.2962962962962963,-2.743844453917493,-0.40449999999999997,11,11,BN,29,27,4,8,1,1,0,S7,293.0,False,STK,STK,14,-0.16861160980795267
2,6,4,2,1.0,1,0,1,0,4,0.0,2,1,0,0,0,0,0,0,0,0,1,0,1,0,0.5,0.6666666666666666,1.0,1.6666666666666665,0.5,0.5,,0.0,0.0,0.3333333333333333,0.5,0.5,1.0,232.8,0.6666666666666666,1.0,1.5739321221106213,0.21860000000000002,1,1,XB,6,4,2,4,2,0,0,S7,296.0,False,MMA,MMA,13,0.17927724715943386
4,10,10,4,2.0,1,1,0,2,11,3.0,0,0,3,0,0,0,0,0,1,1,2,0,0,0,0.4,0.4,1.1,1.5,0.7000000000000001,0.4,,0.2,0.3,0.0,1.0,0.0,,234.6,0.4,1.1,1.240662228903949,0.1485,4,0,HK,10,10,4,11,0,0,0,S7,298.0,False,STK,STK,12,0.16053961447101445
3,8,7,1,1.0,1,0,0,0,1,1.0,1,0,2,0,0,0,0,0,1,1,1,0,2,0,0.14285714285714285,0.25,0.14285714285714285,0.39285714285714285,0.0,0.2,,0.0,0.25,0.125,0.6,0.4,1.5,304.625,0.25,0.14285714285714285,-1.8142912665273014,-0.1672,3,2,WC,8,7,1,1,1,0,0,S7,301.0,False,STK,STK,10,-0.15225041338823453
6,18,17,4,1.0,4,0,0,0,4,0.0,1,0,7,1,0,0,0,0,1,0,1,3,2,0,0.23529411764705882,0.2777777777777778,0.23529411764705882,0.5130718954248366,0.0,0.4,,0.0,0.3888888888888889,0.05555555555555555,0.2857142857142857,0.7142857142857143,0.4,279.29411764705884,0.2777777777777778,0.13333333333333333,-3.7285186807485333,-0.4965,2,5,SM,18,15,2,2,3,0,0,S7,305.0,False,TRI,TRI,13,-0.3071997632297382
3,9,8,3,1.0,1,2,0,0,5,1.0,1,0,1,0,0,0,0,0,0,0,1,2,1,0,0.375,0.4444444444444444,0.625,1.0694444444444444,0.25,0.42857142857142855,,0.0,0.1111111111111111,0.1111111111111111,0.25,0.75,0.3333333333333333,231.77777777777777,0.4444444444444444,0.5714285714285714,0.9880218799688663,0.06769999999999998,1,3,BN,9,7,2,4,2,0,0,S7,314.0,False,TRI,TRI,11,0.1316282404194442
2,6,6,2,0.0,1,0,1,0,4,0.0,0,0,0,0,0,0,0,0,0,1,1,1,1,0,0.3333333333333333,0.3333333333333333,0.6666666666666666,1.0,0.3333333333333333,0.3333333333333333,,0.0,0.0,0.0,0.5,0.5,1.0,274.6666666666667,0.3333333333333333,0.5,0.5196486364309143,0.0756,2,2,SF,6,6,2,3,0,0,0,S7,323.0,False,RRR,RRR,14,0.07384889859146315
5,12,11,4,3.0,3,0,0,1,7,5.0,1,0,2,1,0,0,0,0,0,1,1,3,0,0,0.36363636363636365,0.4166666666666667,0.6363636363636364,1.053030303030303,0.2727272727272727,0.375,,0.08333333333333333,0.16666666666666666,0.08333333333333333,0.4,0.6,0.6666666666666666,191.27272727272728,0.4166666666666667,0.6363636363636364,3.1575033734148783,0.272,2,3,BC,12,11,4,7,1,0,0,S7,324.0,False,BBB,BBB,14,0.35951840723823125
2,4,4,2,1.0,0,1,0,1,6,2.0,0,0,1,1,0,0,0,0,0,0,0,0,1,0,0.5,0.5,1.5,2.0,1.0,0.5,,0.25,0.25,0.0,0.0,1.0,0.0,142.33333333333334,0.5,1.5,2.076264084210254,0.2636,0,1,S,4,4,2,6,0,0,0,S7,326.0,False,BBB,BBB,5,0.22221576505327323
5,12,9,5,4.0,1,1,1,2,14,3.0,3,1,1,1,0,0,0,0,1,1,0,2,0,0,0.5555555555555556,0.6666666666666666,1.5555555555555556,2.2222222222222223,1.0,0.5,,0.16666666666666666,0.08333333333333333,0.25,0.5,0.5,1.0,144.9,0.6666666666666666,1.4444444444444444,3.4158052118950275,0.2423,2,2,WC,12,9,5,13,3,0,0,S7,327.0,False,SSC,SSC,13,0.3853485910862462
3,7,6,2,2.0,2,0,0,0,2,0.0,1,0,2,0,0,0,0,0,0,1,0,1,0,0,0.3333333333333333,0.42857142857142855,0.3333333333333333,0.7619047619047619,0.0,0.5,,0.0,0.2857142857142857,0.14285714285714285,0.5,0.5,1.0,228.42857142857142,0.2857142857142857,0.2857142857142857,-0.19311251012282138,-0.039900000000000005,1,1,BC,7,7,2,2,0,0,0,S7,329.0,False,2TM,BBB,9,0.0062201230941515365
1,2,2,0,0.0,0,0,0,0,0,0.0,0,0,1,0,0,0,0,0,0,1,0,0,0,0,0.0,0.0,0.0,0.0,0.0,0.0,,0.0,0.5,0.0,1.0,0.0,,341.0,0.0,0.0,-0.4804331599673431,-0.0683,1,0,BC,2,2,0,0,0,0,0,S7,329.0,True,FAP,FAP,1,-0.0407486376806104
2,5,4,2,2.0,2,0,0,0,2,0.0,1,0,1,0,0,0,0,0,0,0,0,1,0,0,0.5,0.6,0.5,1.1,0.0,0.6666666666666666,,0.0,0.2,0.2,0.0,1.0,0.0,183.4,0.4,0.4,0.2873206498445217,0.028399999999999998,0,1,BC,5,5,2,2,0,0,0,S7,329.0,True,BBB,BBB,9,0.04696876077476193
7,22,21,3,0.0,2,1,0,0,4,1.0,1,0,3,0,0,0,0,0,1,0,3,10,2,0,0.14285714285714285,0.18181818181818182,0.19047619047619047,0.3722943722943723,0.047619047619047616,0.16666666666666666,,0.0,0.13636363636363635,0.045454545454545456,0.25,0.75,0.3333333333333333,279.04545454545456,0.18181818181818182,0.19047619047619047,-3.149058003025482,-0.17110000000000003,4,12,SM,22,21,3,4,1,0,0,S7,331.0,False,2TM,BBB,13,-0.23466433882518523
1,3,3,1,0.0,0,1,0,0,2,1.0,0,0,1,0,0,0,0,0,0,0,0,0,1,0,0.3333333333333333,0.3333333333333333,0.6666666666666666,1.0,0.3333333333333333,0.5,,0.0,0.3333333333333333,0.0,0.0,1.0,0.0,262.3333333333333,0.3333333333333333,0.6666666666666666,0.5086584934470261,0.2345,0,1,SM,3,3,1,2,0,0,0,S7,331.0,True,FAP,FAP,2,0.06180786681888847
7,19,18,2,0.0,2,0,0,0,2,0.0,1,0,2,0,0,0,0,0,1,0,3,10,1,0,0.1111111111111111,0.15789473684210525,0.1111111111111111,0.26900584795321636,0.0,0.125,,0.0,0.10526315789473684,0.05263157894736842,0.26666666666666666,0.7333333333333333,0.36363636363636365,281.6842105263158,0.15789473684210525,0.1111111111111111,-3.657716496472508,-0.40559999999999996,4,11,SM,19,18,2,2,1,0,0,S7,331.0,True,BBB,BBB,13,-0.2964722056440737
8,17,15,2,4.0,0,0,0,2,8,2.0,2,0,5,0,0,0,0,0,0,0,1,3,4,0,0.13333333333333333,0.23529411764705882,0.5333333333333333,0.7686274509803921,0.4,0.0,,0.11764705882352941,0.29411764705882354,0.11764705882352941,0.125,0.875,0.14285714285714285,267.8235294117647,0.23529411764705882,0.5333333333333333,-1.2920034058689425,-0.2344,1,7,WC,17,15,2,8,2,0,0,S7,335.0,False,RRR,RRR,14,-0.06719557489984104
4,7,7,2,1.0,0,1,0,1,6,1.0,0,0,1,0,0,0,0,0,1,2,0,0,2,0,0.2857142857142857,0.2857142857142857,0.8571428571428571,1.1428571428571428,0.5714285714285714,0.2,,0.14285714285714285,0.14285714285714285,0.0,0.6,0.4,1.5,266.42857142857144,0.2857142857142857,0.8571428571428571,-0.27707873542446293,-0.1028,3,2,HK,7,7,2,6,0,0,0,S7,339.0,False,RRR,RRR,12,-0.002176499436012619
1,3,2,1,0.0,1,0,0,0,1,1.0,1,0,1,0,0,0,0,0,0,0,0,0,0,0,0.5,0.6666666666666666,0.5,1.1666666666666665,0.0,1.0,,0.0,0.3333333333333333,0.3333333333333333,,,,179.66666666666666,0.6666666666666666,0.5,0.8065263225146946,0.045,0,0,HK,3,2,1,1,1,0,0,S7,342.0,False,BBC,BBC,9,0.09159464972565531
1,3,1,0,0.0,0,0,0,0,0,0.0,2,0,0,0,0,0,0,0,0,0,0,1,0,0,0.0,0.6666666666666666,0.0,0.6666666666666666,0.0,0.0,,0.0,0.0,0.6666666666666666,0.0,1.0,0.0,196.0,0.6666666666666666,0.0,0.29421776777909775,0.040499999999999994,0,1,1B,3,1,0,0,2,0,0,S7,343.0,False,FAP,FAP,9,0.04036379425209564
4,10,6,2,2.0,0,0,1,1,7,3.0,4,0,1,0,0,0,0,0,0,0,1,2,0,0,0.3333333333333333,0.6,1.1666666666666667,1.7666666666666666,0.8333333333333335,0.25,,0.1,0.1,0.4,0.3333333333333333,0.6666666666666666,0.5,186.11111111111111,0.5,1.0,2.9694280097250583,0.25600000000000006,1,2,1B,10,7,2,7,3,0,0,S7,344.0,False,PBA,PBA,12,0.3334161925531253
1,2,2,0,0.0,0,0,0,0,0,0.0,0,0,1,0,0,0,0,0,0,0,0,1,0,0,0.0,0.0,0.0,0.0,0.0,0.0,,0.0,0.5,0.0,0.0,1.0,0.0,250.5,0.0,0.0,-0.4056905928238247,-0.0468,0,1,WC,2,2,0,0,0,0,0,S7,349.0,False,RRR,RRR,10,-0.033274380966258565
4,9,9,4,1.0,1,1,1,1,10,3.0,0,0,0,0,0,0,0,0,2,2,1,2,0,0,0.4444444444444444,0.4444444444444444,1.1111111111111112,1.5555555555555556,0.6666666666666667,0.375,,0.1111111111111111,0.0,0.0,0.7142857142857143,0.2857142857142857,2.5,206.66666666666666,0.4444444444444444,1.0,0.3884893355775065,-0.055400000000000005,5,2,BC,9,9,4,9,0,0,0,S7,350.0,False,2TM,RRR,13,0.07167498598030822
2,5,5,2,1.0,0,1,0,1,6,3.0,0,0,0,0,0,0,0,0,2,2,0,1,0,0,0.4,0.4,1.2,1.6,0.7999999999999999,0.25,,0.2,0.0,0.0,0.8,0.2,4.0,205.4,0.4,1.2,0.5662484671239574,-0.011999999999999997,4,1,BC,5,5,2,6,0,0,0,S7,350.0,True,SCG,SCG,3,0.0748615425027055
2,4,4,2,0.0,1,0,1,0,4,0.0,0,0,0,0,0,0,0,0,0,0,1,1,0,0,0.5,0.5,1.0,1.5,0.5,0.5,,0.0,0.0,0.0,0.5,0.5,1.0,208.25,0.5,0.75,-0.17775913154645087,-0.0434,1,1,BC,4,4,2,3,0,0,0,S7,350.0,True,RRR,RRR,13,-0.003186556522397274
5,14,13,3,1.0,2,0,0,1,6,3.0,1,0,2,0,0,0,0,0,1,2,4,1,1,0,0.23076923076923078,0.2857142857142857,0.46153846153846156,0.7472527472527473,0.23076923076923078,0.2,,0.07142857142857142,0.14285714285714285,0.07142857142857142,0.7777777777777778,0.2222222222222222,3.5,274.3076923076923,0.2857142857142857,0.46153846153846156,-0.3048596453346035,-0.1799,7,2,MH,14,13,3,6,1,0,0,S7,354.0,False,PBA,PBA,14,0.020576783679406997
3,8,6,2,2.0,0,1,0,1,6,3.0,2,0,3,0,0,0,0,0,0,0,0,1,0,0,0.3333333333333333,0.5,1.0,1.5,0.6666666666666667,0.5,,0.125,0.375,0.25,0.0,1.0,0.0,187.375,0.5,1.0,1.1466184607954344,-0.03739999999999996,0,1,BP,8,6,2,6,2,0,0,S7,355.0,False,SCG,SCG,12,0.14384055934403905
5,16,12,4,3.0,2,1,0,1,8,3.0,4,0,2,0,0,0,0,0,0,0,0,6,0,0,0.3333333333333333,0.5,0.6666666666666666,1.1666666666666665,0.3333333333333333,0.3333333333333333,,0.0625,0.125,0.25,0.0,1.0,0.0,172.3125,0.5,0.6666666666666666,1.1032102186115131,0.13470000000000001,0,6,1B,16,12,4,8,4,0,0,S7,357.0,False,SCG,SCG,12,0.16867844839014257
1,3,3,1,0.0,1,0,0,0,1,0.0,0,0,0,0,0,0,0,0,0,0,0,1,1,0,0.3333333333333333,0.3333333333333333,0.3333333333333333,0.6666666666666666,0.0,0.3333333333333333,,0.0,0.0,0.0,0.0,1.0,0.0,246.66666666666666,0.3333333333333333,0.3333333333333333,-0.250401147162221,0.0485,0,2,WC,3,3,1,1,0,0,0,S7,360.0,False,SCG,SCG,1,-0.014098097242036239
7,18,18,6,3.0,1,3,0,2,15,3.0,0,0,5,1,0,0,0,0,0,3,0,1,3,0,0.3333333333333333,0.3333333333333333,0.8333333333333334,1.1666666666666667,0.5,0.36363636363636365,,0.1111111111111111,0.2777777777777778,0.0,0.42857142857142855,0.5714285714285714,0.75,236.8235294117647,0.3333333333333333,0.7777777777777778,1.1926594327904534,-0.1596,3,4,BC,18,18,6,14,0,0,0,S7,373.0,False,KNX,KNX,14,0.1849180481241605
4,11,10,2,1.0,2,0,0,0,2,0.0,1,0,2,0,0,0,0,0,1,3,1,2,0,0,0.2,0.2727272727272727,0.2,0.4727272727272727,0.0,0.25,,0.0,0.18181818181818182,0.09090909090909091,0.7142857142857143,0.2857142857142857,2.5,285.45454545454544,0.2727272727272727,0.2,-2.9155414629300394,-0.3903,5,2,1B,11,10,2,2,1,0,0,S7,377.0,False,STK,STK,12,-0.2514334155543224
3,8,6,1,0.0,1,0,0,0,1,1.0,2,0,2,1,0,0,0,0,1,1,1,1,0,0,0.16666666666666666,0.375,0.16666666666666666,0.5416666666666666,0.0,0.25,,0.0,0.25,0.25,0.75,0.25,3.0,271.85714285714283,0.25,0.0,-0.3254293751020677,-0.0028999999999999963,3,1,1B,8,6,0,0,2,0,0,S7,379.0,False,BBB,BBB,9,-0.003364224245711145
1,1,1,1,1.0,1,0,0,0,1,0.0,0,0,0,0,0,0,0,0,0,0,0,0,0,0,1.0,1.0,1.0,2.0,0.0,1.0,,0.0,0.0,0.0,,,,97.0,1.0,1.0,0.22637231857015538,0.0152,0,0,1B,1,1,1,1,0,0,0,S7,381.0,False,SCG,SCG,2,0.02628457101507749
1,2,2,2,1.0,1,0,0,1,5,2.0,0,0,0,0,0,0,0,0,0,0,0,0,0,0,1.0,1.0,2.5,3.5,1.5,1.0,,0.5,0.0,0.0,,,,53.5,1.0,2.5,1.9151826144323043,0.2731,0,0,BP,2,2,2,5,0,0,0,S7,386.0,False,CPR,CPR,8,0.19881293975935435
1,3,3,1,0.0,0,1,0,0,2,0.0,0,0,0,0,0,0,0,0,0,2,0,0,0,0,0.3333333333333333,0.3333333333333333,0.6666666666666666,1.0,0.3333333333333333,0.3333333333333333,,0.0,0.0,0.0,1.0,0.0,,277.0,0.3333333333333333,0.3333333333333333,0.22813882228610372,0.0418,2,0,BC,3,3,1,1,0,0,0,S7,389.0,False,CPR,CPR,4,0.03375589970279623
9,19,17,5,3.0,3,1,0,1,9,1.0,2,0,7,0,0,2,0,0,0,1,0,3,1,0,0.29411764705882354,0.3684210526315789,0.5294117647058824,0.8978328173374612,0.23529411764705882,0.4444444444444444,0.0,0.05263157894736842,0.3684210526315789,0.10526315789473684,0.2,0.8,0.25,251.76190476190476,0.3684210526315789,0.5,-2.5589199269472735,-0.4028,1,4,TT,19,16,4,8,3,0,0,S7,390.0,False,CPR,CPR,14,-0.18659254869155023
1,3,3,0,0.0,0,0,0,0,0,0.0,0,0,0,0,0,0,0,0,1,0,3,0,0,0,0.0,0.0,0.0,0.0,0.0,0.0,,0.0,0.0,0.0,1.0,0.0,,481.6666666666667,0.0,0.0,-0.8961907761441493,-0.14650000000000002,4,0,S,3,3,0,0,0,0,0,S7,392.0,False,CPR,CPR,1,-0.07867706014022907
5,11,11,1,1.0,0,0,0,1,4,1.0,0,0,4,1,0,0,0,0,0,1,1,4,0,0,0.09090909090909091,0.09090909090909091,0.36363636363636365,0.4545454545454546,0.2727272727272727,0.0,,0.09090909090909091,0.36363636363636365,0.0,0.3333333333333333,0.6666666666666666,0.5,273.8,0.09090909090909091,0.36363636363636365,-1.927054944701216,-0.20899999999999996,2,4,1B,11,11,1,4,0,0,0,S7,395.0,False,PBA,PBA,9,-0.1525847637314401
1,3,3,2,1.0,2,0,0,0,2,0.0,0,0,0,0,0,0,0,0,0,0,0,1,0,0,0.6666666666666666,0.6666666666666666,0.6666666666666666,1.3333333333333333,0.0,0.6666666666666666,,0.0,0.0,0.0,0.0,1.0,0.0,135.66666666666666,0.6666666666666666,0.6666666666666666,0.1308383465341807,0.007700000000000002,0,1,BC,3,3,2,2,0,0,0,S7,396.0,False,PBA,PBA,3,0.02402585212760393
2,5,4,1,0.0,0,1,0,0,2,0.0,1,0,2,1,0,0,0,0,0,0,0,1,0,0,0.25,0.4,0.5,0.9,0.25,0.5,,0.0,0.4,0.2,0.0,1.0,0.0,174.75,0.4,0.5,-0.3286038533521587,-0.0914,0,1,BP,5,4,1,2,1,0,0,S7,401.0,False,CPR,CPR,5,-0.014623689544906105
5,12,11,4,1.0,3,1,0,0,5,0.0,1,0,1,0,0,0,0,0,0,3,1,1,1,0,0.36363636363636365,0.4166666666666667,0.45454545454545453,0.8712121212121212,0.09090909090909088,0.4,,0.0,0.08333333333333333,0.08333333333333333,0.6666666666666666,0.3333333333333333,2.0,273.25,0.4166666666666667,0.3,-0.25706042858020156,0.002599999999999998,4,2,BC,12,10,3,3,2,0,0,S7,405.0,False,PBA,PBA,11,0.018062027038723283
5,12,12,5,3.0,2,0,2,1,12,2.0,0,0,2,0,0,0,0,0,1,1,2,2,0,0,0.4166666666666667,0.4166666666666667,1.0,1.4166666666666667,0.5833333333333333,0.4444444444444444,,0.08333333333333333,0.16666666666666666,0.0,0.6666666666666666,0.3333333333333333,2.0,210.16666666666666,0.4166666666666667,0.9166666666666666,1.6143411776369274,0.06899999999999998,4,2,BN,12,12,5,11,0,0,0,S7,411.0,False,SCG,SCG,14,0.20520218766043619
6,17,15,4,4.0,1,1,2,0,9,2.0,1,0,1,0,0,0,0,1,0,5,1,2,3,0,0.26666666666666666,0.29411764705882354,0.6,0.8941176470588235,0.3333333333333333,0.26666666666666666,,0.0,0.058823529411764705,0.058823529411764705,0.5,0.5,1.0,285.7647058823529,0.29411764705882354,0.5333333333333333,-0.16346912746606146,0.1023,6,6,SF,17,15,4,8,1,1,0,S7,413.0,False,2TM,SCG,14,0.045657852940447066
6,16,14,4,4.0,1,1,2,0,9,2.0,1,0,1,0,0,0,0,1,0,5,1,1,3,0,0.2857142857142857,0.3125,0.6428571428571429,0.9553571428571429,0.3571428571428572,0.2857142857142857,,0.0,0.0625,0.0625,0.5454545454545454,0.45454545454545453,1.2,292.8125,0.3125,0.5714285714285714,-0.004942258104848385,0.10890000000000002,6,5,SF,16,14,4,8,1,1,0,S7,413.0,True,SCG,SCG,14,0.05786320071850641
1,1,1,0,0.0,0,0,0,0,0,0.0,0,0,0,0,0,0,0,0,0,0,0,1,0,0,0.0,0.0,0.0,0.0,0.0,0.0,,0.0,0.0,0.0,0.0,1.0,0.0,173.0,0.0,0.0,-0.15852686936121302,-0.0066,0,1,SF,1,1,0,0,0,0,0,S7,413.0,True,FAP,FAP,5,-0.012205347778059348
6,17,16,4,3.0,2,1,0,1,8,4.0,0,0,5,0,0,0,0,1,0,0,3,3,2,0,0.25,0.23529411764705882,0.5,0.7352941176470589,0.25,0.2727272727272727,,0.058823529411764705,0.29411764705882354,0.0,0.3333333333333333,0.6666666666666666,0.5,271.05882352941177,0.23529411764705882,0.375,-0.8649082441559695,-0.08040000000000003,3,6,1B,17,16,4,6,0,1,0,S7,414.0,False,SCG,SCG,14,-0.024486058728543737
3,8,8,2,2.0,0,0,2,0,6,0.0,0,0,1,0,0,0,0,0,1,1,1,2,1,0,0.25,0.25,0.75,1.0,0.5,0.2857142857142857,,0.0,0.125,0.0,0.5,0.5,1.0,284.25,0.25,0.625,-0.38492012830951294,-0.0058,3,3,WC,8,8,2,5,0,0,0,S7,415.0,False,SCG,SCG,14,-0.009313299566455668
4,12,12,2,1.0,1,0,0,1,5,1.0,0,0,2,0,0,0,0,0,1,1,3,3,1,0,0.16666666666666666,0.16666666666666666,0.4166666666666667,0.5833333333333334,0.25,0.1111111111111111,,0.08333333333333333,0.16666666666666666,0.0,0.5555555555555556,0.4444444444444444,1.25,291.3333333333333,0.16666666666666666,0.4166666666666667,-1.7277767212862964,-0.38,5,4,BP,12,12,2,5,0,0,0,S7,416.0,False,CPR,CPR,14,-0.1290096022318862
4,11,10,3,0.0,3,0,0,0,3,0.0,1,0,2,0,0,0,0,0,0,1,0,3,1,0,0.3,0.36363636363636365,0.3,0.6636363636363636,0.0,0.375,,0.0,0.18181818181818182,0.09090909090909091,0.2,0.8,0.25,243.0909090909091,0.36363636363636365,0.3,-2.027807638057017,-0.06440000000000001,1,4,SM,11,10,3,3,1,0,0,S7,419.0,False,SCG,SCG,8,-0.1626600330670202
5,14,13,0,0.0,0,0,0,0,0,0.0,1,0,7,0,0,0,0,0,0,2,0,4,0,0,0.0,0.07142857142857142,0.0,0.07142857142857142,0.0,0.0,,0.0,0.5,0.07142857142857142,0.3333333333333333,0.6666666666666666,0.5,288.35714285714283,0.07142857142857142,0.0,-2.485515729565156,-0.5273,2,4,BP,14,13,0,0,1,0,0,S7,421.0,False,SCG,SCG,12,-0.1974888247436483
12,25,24,5,2.0,1,2,1,1,12,1.0,1,0,6,1,0,0,0,0,0,5,2,3,3,0,0.20833333333333334,0.24,0.5,0.74,0.29166666666666663,0.23529411764705882,,0.04,0.24,0.04,0.5384615384615384,0.46153846153846156,1.1666666666666667,288.625,0.24,0.5,-1.2052999307321814,-0.22080000000000002,7,6,BN,25,24,5,12,1,0,0,S7,423.0,False,FAP,FAP,13,-0.02934651412166931
6,15,12,4,4.0,1,2,0,1,9,3.0,3,0,4,0,1,0,0,0,1,0,1,2,1,0,0.3333333333333333,0.4666666666666667,0.75,1.2166666666666668,0.4166666666666667,0.42857142857142855,1.0,0.06666666666666667,0.26666666666666666,0.2,0.4,0.6,0.6666666666666666,197.125,0.4666666666666667,0.6666666666666666,0.9448419576778619,0.09150000000000001,2,3,TT,15,12,4,8,3,0,0,S7,471.0,False,BAC,BAC,11,0.1491942831387155
4,9,9,5,3.0,2,0,3,0,11,0.0,0,0,0,0,1,0,0,0,0,1,0,1,2,0,0.5555555555555556,0.5555555555555556,1.2222222222222223,1.777777777777778,0.6666666666666667,0.5555555555555556,1.0,0.0,0.0,0.0,0.25,0.75,0.3333333333333333,205.7,0.5555555555555556,1.2222222222222223,1.9787818677313074,0.19039999999999999,1,3,S,9,9,5,11,0,0,0,S7,474.0,False,STK,STK,11,0.2307042391956883
3,8,7,6,2.0,4,2,0,0,8,1.0,1,0,0,0,0,0,0,0,0,0,0,0,1,0,0.8571428571428571,0.875,1.1428571428571428,2.017857142857143,0.2857142857142857,0.8571428571428571,,0.0,0.0,0.125,0.0,1.0,0.0,124.5,0.875,1.0,1.550911112478269,0.1678,0,1,WC,8,7,6,7,1,0,0,S7,478.0,False,WSW,WSW,9,0.18426982451232252
5,8,6,2,1.0,2,0,0,0,2,0.0,2,0,2,0,0,0,0,0,0,0,1,0,1,0,0.3333333333333333,0.5,0.3333333333333333,0.8333333333333333,0.0,0.5,,0.0,0.25,0.25,0.5,0.5,1.0,231.75,0.5,0.2,-0.4051444146523963,-0.14650000000000002,1,1,WC,8,5,1,1,3,0,0,S7,479.0,False,TRI,TRI,14,-0.011335728200744005
3,10,8,1,1.0,0,1,0,0,2,0.0,2,0,3,0,0,0,0,0,0,0,0,3,1,0,0.125,0.3,0.25,0.55,0.125,0.2,,0.0,0.3,0.2,0.0,1.0,0.0,244.4,0.3,0.25,-0.046450188756682,0.12990000000000002,0,4,BP,10,8,1,2,2,0,0,S7,480.0,False,PBA,PBA,12,0.03182837270495133
4,8,6,2,1.0,1,0,1,0,4,4.0,2,0,1,0,0,0,0,0,1,0,2,1,0,0,0.3333333333333333,0.5,0.6666666666666666,1.1666666666666665,0.3333333333333333,0.4,,0.0,0.125,0.25,0.75,0.25,3.0,246.0,0.5,0.5,2.6923843246115187,0.0242,3,1,SM,8,6,2,3,2,0,0,S7,485.0,False,TRI,TRI,14,0.2984171457256475
5,13,13,2,0.0,0,2,0,0,4,1.0,0,0,4,0,0,0,0,0,1,2,0,4,1,0,0.15384615384615385,0.15384615384615385,0.3076923076923077,0.46153846153846156,0.15384615384615385,0.2222222222222222,,0.0,0.3076923076923077,0.0,0.375,0.625,0.6,261.2307692307692,0.15384615384615385,0.3076923076923077,-2.0993589668347212,-0.17059999999999997,3,5,HK,13,13,2,4,0,0,0,S7,488.0,False,BBB,BBB,14,-0.16252048762866672
7,12,12,3,2.0,1,0,2,0,7,1.0,0,0,3,0,0,0,0,0,1,0,1,4,1,0,0.25,0.25,0.5833333333333334,0.8333333333333334,0.33333333333333337,0.3333333333333333,,0.0,0.25,0.0,0.2857142857142857,0.7142857142857143,0.4,233.41666666666666,0.25,0.5833333333333334,-0.7517435063786255,0.3522,2,5,S,12,12,3,7,0,0,0,S7,490.0,False,2TM,FAP,14,-0.03140628074111911
7,9,9,1,1.0,0,0,1,0,3,0.0,0,0,2,0,0,0,0,0,1,0,1,4,1,0,0.1111111111111111,0.1111111111111111,0.3333333333333333,0.4444444444444444,0.2222222222222222,0.14285714285714285,,0.0,0.2222222222222222,0.0,0.2857142857142857,0.7142857142857143,0.4,265.22222222222223,0.1111111111111111,0.3333333333333333,-2.4130763638538832,0.12990000000000002,2,5,S,9,9,1,3,0,0,0,S7,490.0,True,FAP,FAP,14,-0.20848158396283076
1,3,3,2,1.0,1,0,1,0,4,1.0,0,0,1,0,0,0,0,0,0,0,0,0,0,0,0.6666666666666666,0.6666666666666666,1.3333333333333333,2.0,0.6666666666666666,1.0,,0.0,0.3333333333333333,0.0,,,,138.0,0.6666666666666666,1.3333333333333333,1.6613328574752582,0.22230000000000003,0,0,S,3,3,2,4,0,0,0,S7,490.0,True,RRR,RRR,9,0.17707530322171167
4,10,9,3,1.0,1,1,0,1,7,2.0,1,0,1,0,0,0,0,0,0,1,1,2,1,0,0.3333333333333333,0.4,0.7777777777777778,1.1777777777777778,0.4444444444444445,0.2857142857142857,,0.1,0.1,0.1,0.4,0.6,0.6666666666666666,232.1,0.4,0.7777777777777778,0.40830499245482216,0.26189999999999997,2,3,XB,10,9,3,7,1,0,0,S7,501.0,False,KNX,KNX,14,0.07730389082610174
6,13,12,1,0.0,0,1,0,0,2,3.0,1,0,4,0,0,0,0,0,0,2,1,4,0,0,0.08333333333333333,0.15384615384615385,0.16666666666666666,0.3205128205128205,0.08333333333333333,0.125,,0.0,0.3076923076923077,0.07692307692307693,0.42857142857142855,0.5714285714285714,0.75,256.3076923076923,0.07692307692307693,0.15384615384615385,-0.790335696385219,0.010500000000000008,3,4,BN,13,13,1,2,0,0,0,S7,502.0,False,BAC,BAC,14,-0.03161816058371651
2,8,7,2,1.0,0,1,0,1,6,1.0,1,0,0,0,0,0,0,0,0,2,1,2,0,0,0.2857142857142857,0.375,0.8571428571428571,1.2321428571428572,0.5714285714285714,0.16666666666666666,,0.125,0.0,0.125,0.6,0.4,1.5,219.375,0.25,0.8571428571428571,1.164507603754799,0.08729999999999999,3,2,MH,8,7,2,6,0,1,0,S7,516.0,False,2TM,FAP,7,0.14562947363997553
2,5,4,1,0.0,0,1,0,0,2,0.0,1,0,0,0,0,0,0,0,0,2,1,0,0,0,0.25,0.4,0.5,0.9,0.25,0.25,,0.0,0.0,0.2,1.0,0.0,,258.8,0.2,0.5,0.4815613424772252,-0.016199999999999996,3,0,MH,5,4,1,2,0,1,0,S7,516.0,True,SSJ,SSJ,7,0.06639283003803229
1,3,3,1,1.0,0,0,0,1,4,1.0,0,0,0,0,0,0,0,0,0,0,0,2,0,0,0.3333333333333333,0.3333333333333333,1.3333333333333333,1.6666666666666665,1.0,0.0,,0.3333333333333333,0.0,0.0,0.0,1.0,0.0,153.66666666666666,0.3333333333333333,1.3333333333333333,0.6829462612775741,0.1035,0,2,MH,3,3,1,4,0,0,0,S7,516.0,True,FAP,FAP,7,0.07923664360194327
1,2,2,1,0.0,0,1,0,0,2,0.0,0,0,0,0,0,0,0,0,0,0,0,1,0,0,0.5,0.5,1.0,1.5,0.5,0.5,,0.0,0.0,0.0,0.0,1.0,0.0,116.5,0.5,1.0,0.31192312450379833,0.052899999999999996,0,1,SF,2,2,1,2,0,0,0,S7,518.0,False,TRI,TRI,2,0.038486990766503734
3,8,7,1,1.0,1,0,0,0,1,0.0,1,0,3,0,0,0,0,0,0,0,3,0,0,0,0.14285714285714285,0.25,0.14285714285714285,0.39285714285714285,0.0,0.25,,0.0,0.375,0.125,1.0,0.0,,343.875,0.25,0.0,-0.9386203740139535,-0.05510000000000001,3,0,TT,8,6,0,0,2,0,0,S7,522.0,False,STK,STK,14,-0.06468332413689973
3,5,5,1,1.0,0,1,0,0,2,1.0,0,0,3,1,0,0,0,0,1,0,1,0,0,0,0.2,0.2,0.4,0.6000000000000001,0.2,0.5,,0.0,0.6,0.0,1.0,0.0,,330.25,0.2,0.4,0.06542219758100565,-0.1897,2,0,1B,5,5,1,2,0,0,0,S7,525.0,False,2TM,BBB,10,0.02477891554841033
1,1,1,0,0.0,0,0,0,0,0,0.0,0,0,1,1,0,0,0,0,0,0,0,0,0,0,0.0,0.0,0.0,0.0,0.0,,,0.0,1.0,0.0,,,,,0.0,0.0,-0.15852686936121302,-0.0274,0,0,1B,1,1,0,0,0,0,0,S7,525.0,True,FAP,FAP,2,-0.012205347778059348
2,4,4,1,1.0,0,1,0,0,2,1.0,0,0,2,0,0,0,0,0,1,0,1,0,0,0,0.25,0.25,0.5,0.75,0.25,0.5,,0.0,0.5,0.0,1.0,0.0,,330.25,0.25,0.5,0.22394906694221883,-0.16230000000000003,2,0,1B,4,4,1,2,0,0,0,S7,525.0,True,BBB,BBB,10,0.036984263326469695
7,16,14,3,1.0,0,2,0,1,8,2.0,2,0,2,0,0,0,0,0,2,3,3,3,0,0,0.21428571428571427,0.3125,0.5714285714285714,0.8839285714285714,0.3571428571428571,0.18181818181818182,,0.0625,0.125,0.125,0.7272727272727273,0.2727272727272727,2.6666666666666665,271.0625,0.25,0.5333333333333333,0.11502328422018682,-0.010999999999999982,8,3,BC,16,15,3,8,1,0,0,S7,529.0,False,BBB,BBB,14,0.06985975495100993
4,11,10,2,0.0,1,1,0,0,3,0.0,1,0,3,0,0,0,0,0,0,1,1,2,1,0,0.2,0.2727272727272727,0.3,0.5727272727272728,0.09999999999999998,0.2857142857142857,,0.0,0.2727272727272727,0.09090909090909091,0.4,0.6,0.6666666666666666,216.0,0.2727272727272727,0.3,-1.114103130289652,0.013399999999999987,2,3,MH,11,10,2,3,1,0,0,S7,530.0,False,TRI,TRI,14,-0.07128958229028372
1,3,3,0,0.0,0,0,0,0,0,0.0,0,0,0,0,0,0,0,0,1,3,0,0,0,0,0.0,0.0,0.0,0.0,0.0,0.0,,0.0,0.0,0.0,1.0,0.0,,405.0,0.0,0.0,-0.6992521178319758,-0.0239,4,0,BC,3,3,0,0,0,0,0,S7,540.0,False,SSJ,SSJ,11,-0.05898319430901172
3,7,7,3,1.0,2,0,0,1,6,2.0,0,0,1,0,0,0,0,0,0,0,0,1,2,0,0.42857142857142855,0.42857142857142855,0.8571428571428571,1.2857142857142856,0.42857142857142855,0.4,,0.14285714285714285,0.14285714285714285,0.0,0.0,1.0,0.0,194.42857142857142,0.42857142857142855,0.8571428571428571,0.9671758695319005,0.10300000000000001,0,3,BC,7,7,3,6,0,0,0,S7,549.0,False,SSJ,SSJ,10,0.12224896105962373
3,5,5,1,0.0,1,0,0,0,1,0.0,0,0,1,0,0,0,0,0,0,0,2,0,1,0,0.2,0.2,0.2,0.4,0.0,0.25,,0.0,0.2,0.0,0.6666666666666666,0.3333333333333333,2.0,329.4,0.2,0.2,-0.7518174721393721,-0.07300000000000001,2,1,1B,5,5,1,1,0,0,0,S7,553.0,False,BAC,BAC,7,-0.05694505142362745
2,6,5,2,3.0,0,1,0,1,6,3.0,1,0,3,0,0,0,0,0,0,0,0,0,0,0,0.4,0.5,1.2,1.7,0.7999999999999999,1.0,,0.16666666666666666,0.5,0.16666666666666666,,,,183.66666666666666,0.5,1.0,1.6504550643012643,0.17060000000000003,0,0,WC,6,6,3,6,0,0,0,S7,557.0,False,SCG,SCG,10,0.18692954137849815
2,6,5,1,1.0,0,1,0,0,2,0.0,1,0,1,0,0,0,0,0,0,0,0,2,1,0,0.2,0.3333333333333333,0.4,0.7333333333333334,0.2,0.25,,0.0,0.16666666666666666,0.16666666666666666,0.0,1.0,0.0,201.66666666666666,0.3333333333333333,0.4,0.7798583671988486,0.27590000000000003,0,3,BC,6,5,1,2,1,0,0,S7,559.0,False,WSW,WSW,9,0.09986987166825659
4,10,7,3,1.0,2,1,0,0,4,0.0,3,0,1,0,0,0,0,0,0,2,0,1,0,0,0.42857142857142855,0.6,0.5714285714285714,1.1714285714285713,0.14285714285714285,0.5,,0.0,0.1,0.3,0.6666666666666666,0.3333333333333333,2.0,206.5,0.5,0.42857142857142855,1.648860518586464,0.1087,2,1,XB,10,7,2,3,3,0,0,S7,563.0,False,CPR,CPR,11,0.2013594434392659
6,13,12,2,2.0,1,1,0,0,3,0.0,1,0,3,0,1,0,0,0,2,3,1,2,1,0,0.16666666666666666,0.23076923076923078,0.25,0.4807692307692308,0.08333333333333334,0.2222222222222222,1.0,0.0,0.23076923076923078,0.07692307692307693,0.6666666666666666,0.3333333333333333,2.0,267.0,0.15384615384615385,0.23076923076923078,-1.5439192192564803,-0.16670000000000001,6,3,XB,13,13,2,3,0,0,0,S7,564.0,False,PBA,PBA,14,-0.10697651287084264
3,8,8,5,3.0,4,0,0,1,8,1.0,0,0,0,0,0,0,0,0,0,0,1,1,1,0,0.625,0.625,1.0,1.625,0.375,0.5714285714285714,,0.125,0.0,0.0,0.3333333333333333,0.6666666666666666,0.5,194.625,0.625,1.0,0.8119341259248432,0.16219999999999998,1,2,BC,8,8,5,8,0,0,0,S7,570.0,False,BBB,BBB,13,0.11037212585697995
1,3,3,0,0.0,0,0,0,0,0,0.0,0,0,3,0,0,0,0,0,0,0,0,0,0,0,0.0,0.0,0.0,0.0,0.0,,,0.0,1.0,0.0,,,,356.3333333333333,0.0,0.0,-1.492138065425497,-0.10149999999999999,0,0,S,3,3,0,0,0,0,0,S7,582.0,False,TRI,TRI,7,-0.13827178906836385
14,44,35,12,10.0,4,5,0,3,26,9.0,9,0,10,0,0,0,0,0,1,2,5,5,1,0,0.34285714285714286,0.4772727272727273,0.7428571428571429,1.2201298701298702,0.4,0.4090909090909091,,0.06818181818181818,0.22727272727272727,0.20454545454545456,0.5714285714285714,0.42857142857142855,1.3333333333333333,224.2325581395349,0.4772727272727273,0.7142857142857143,4.189302353875493,0.4859,8,6,BC,44,35,12,25,9,0,0,S7,583.0,False,BBC,BBC,14,0.5794131583422752
3,6,6,0,0.0,0,0,0,0,0,0.0,0,0,3,1,0,0,0,0,0,1,1,1,0,0,0.0,0.0,0.0,0.0,0.0,0.0,,0.0,0.5,0.0,0.6666666666666666,0.3333333333333333,2.0,353.0,0.0,0.0,-1.382247534001627,-0.1615,2,1,XB,6,6,0,0,0,0,0,S7,596.0,False,MMA,MMA,14,-0.11634071845179098
9,23,23,4,1.0,2,2,0,0,6,4.0,0,0,3,0,0,0,0,0,0,5,3,3,5,0,0.17391304347826086,0.17391304347826086,0.2608695652173913,0.43478260869565216,0.08695652173913043,0.2,,0.0,0.13043478260869565,0.0,0.5,0.5,1.0,303.17391304347825,0.17391304347826086,0.2608695652173913,-0.3628541708151637,-0.08329999999999996,8,8,XB,23,23,4,6,0,0,0,S7,597.0,False,RRR,RRR,14,0.04760338355390855
2,6,4,1,1.0,0,0,0,1,4,2.0,2,0,1,0,0,0,0,0,0,0,1,0,1,0,0.25,0.5,1.0,1.5,0.75,0.0,,0.16666666666666666,0.16666666666666666,0.3333333333333333,0.5,0.5,1.0,246.83333333333334,0.5,1.0,0.8273223277800998,0.08150000000000003,1,1,WC,6,4,1,4,2,0,0,S7,602.0,False,PBA,PBA,13,0.1046162677263817
1,2,2,0,0.0,0,0,0,0,0,0.0,0,0,1,0,0,0,0,0,0,0,1,0,0,0,0.0,0.0,0.0,0.0,0.0,0.0,,0.0,0.5,0.0,1.0,0.0,,377.5,0.0,0.0,-0.6236576239735997,-0.053899999999999997,1,0,XB,2,2,0,0,0,0,0,S7,605.0,False,TBL,TBL,2,-0.055071084081236066
5,7,7,3,2.0,1,1,0,1,7,1.0,0,0,1,0,0,0,0,0,0,0,1,2,0,0,0.42857142857142855,0.42857142857142855,1.0,1.4285714285714286,0.5714285714285714,0.4,,0.14285714285714285,0.14285714285714285,0.0,0.3333333333333333,0.6666666666666666,0.5,196.28571428571428,0.42857142857142855,1.0,1.728418827693111,0.32649999999999996,1,2,SF,7,7,3,7,0,0,0,S7,606.0,False,2TM,TRI,12,0.19837325687574475
3,5,5,2,2.0,0,1,0,1,6,1.0,0,0,1,0,0,0,0,0,0,0,1,1,0,0,0.4,0.4,1.2,1.6,0.7999999999999999,0.3333333333333333,,0.2,0.2,0.0,0.5,0.5,1.0,217.4,0.4,1.2,1.343068712691833,0.19519999999999998,1,1,SF,5,5,2,6,0,0,0,S7,606.0,True,FAP,FAP,4,0.15254356705949307
2,2,2,1,0.0,1,0,0,0,1,0.0,0,0,0,0,0,0,0,0,0,0,0,1,0,0,0.5,0.5,0.5,1.0,0.0,0.5,,0.0,0.0,0.0,0.0,1.0,0.0,143.5,0.5,0.5,0.3853501150012778,0.13129999999999997,0,1,SF,2,2,1,1,0,0,0,S7,606.0,True,TRI,TRI,12,0.045829689816251684
6,16,15,2,1.0,0,2,0,0,4,1.0,1,0,4,1,0,0,0,0,0,1,2,2,4,0,0.13333333333333333,0.1875,0.26666666666666666,0.45416666666666666,0.13333333333333333,0.18181818181818182,,0.0,0.25,0.0625,0.3333333333333333,0.6666666666666666,0.5,306.5,0.1875,0.26666666666666666,-1.3145097893461308,-0.15140000000000003,3,6,BP,16,15,2,4,1,0,0,S7,607.0,False,BAC,BAC,14,-0.07309355240562183
10,23,22,6,4.0,1,2,0,3,17,5.0,1,0,2,1,0,0,0,0,2,4,5,4,1,0,0.2727272727272727,0.30434782608695654,0.7727272727272727,1.0770750988142292,0.5,0.17647058823529413,,0.13043478260869565,0.08695652173913043,0.043478260869565216,0.6875,0.3125,2.2,230.0,0.30434782608695654,0.7727272727272727,-0.8428232695280515,0.06350000000000008,11,5,MH,23,22,6,17,1,0,0,S7,610.0,False,2TM,SCG,14,-0.0003935263173802328
3,7,6,1,1.0,0,0,0,1,4,1.0,1,0,1,1,0,0,0,0,1,2,1,1,0,0,0.16666666666666666,0.2857142857142857,0.6666666666666666,0.9523809523809523,0.5,0.0,,0.14285714285714285,0.14285714285714285,0.14285714285714285,0.8,0.2,4.0,208.16666666666666,0.2857142857142857,0.6666666666666666,-1.1213681210107596,-0.0749,4,1,MH,7,6,1,4,1,0,0,S7,610.0,True,MMA,MMA,6,-0.08660543799464229
7,16,16,5,3.0,1,2,0,2,13,4.0,0,0,1,0,0,0,0,0,1,2,4,3,1,0,0.3125,0.3125,0.8125,1.125,0.5,0.23076923076923078,,0.125,0.0625,0.0,0.6363636363636364,0.36363636363636365,1.75,238.1875,0.3125,0.8125,0.2785448514827079,0.13840000000000005,7,4,MH,16,16,5,13,0,0,0,S7,610.0,True,SCG,SCG,14,0.08621191167726204
3,9,8,2,1.0,1,0,0,1,5,2.0,0,0,0,0,0,0,0,1,0,3,0,4,0,0,0.25,0.2222222222222222,0.625,0.8472222222222222,0.375,0.125,,0.1111111111111111,0.0,0.0,0.375,0.625,0.6,243.44444444444446,0.2222222222222222,0.5714285714285714,-0.22507314831291886,-0.037399999999999996,3,5,WC,9,7,1,4,1,1,0,S7,614.0,False,BBB,BBB,9,0.010318737591265692
9,26,26,4,1.0,3,0,0,1,7,5.0,0,0,6,2,0,0,0,0,2,3,2,9,2,0,0.15384615384615385,0.15384615384615385,0.2692307692307692,0.4230769230769231,0.11538461538461536,0.15789473684210525,,0.038461538461538464,0.23076923076923078,0.0,0.3888888888888889,0.6111111111111112,0.6363636363636364,264.75,0.15384615384615385,0.24,-3.261052935450219,-0.41910000000000003,7,11,BP,26,25,3,6,1,0,0,S7,620.0,False,RRR,RRR,14,-0.2312744754354111
4,9,9,4,1.0,4,0,0,0,4,1.0,0,0,1,0,0,0,0,0,0,1,0,1,2,0,0.4444444444444444,0.4444444444444444,0.4444444444444444,0.8888888888888888,0.0,0.5,,0.0,0.1111111111111111,0.0,0.25,0.75,0.3333333333333333,228.66666666666666,0.4444444444444444,0.4444444444444444,0.8434878376632465,0.055799999999999995,1,3,SF,9,9,4,4,0,0,0,S7,623.0,False,MMA,MMA,14,0.11717483618888222
7,17,17,6,3.0,3,1,0,2,13,4.0,0,0,2,0,0,0,0,0,0,3,0,4,2,0,0.35294117647058826,0.35294117647058826,0.7647058823529411,1.1176470588235294,0.41176470588235287,0.3076923076923077,,0.11764705882352941,0.11764705882352941,0.0,0.3333333333333333,0.6666666666666666,0.5,238.88235294117646,0.35294117647058826,0.7647058823529411,1.4187614884329416,0.8949,3,6,SM,17,17,6,13,0,0,0,S7,638.0,False,2TM,MMA,14,0.20388091453034737
5,14,14,6,3.0,3,1,0,2,13,4.0,0,0,2,0,0,0,0,0,0,2,0,2,2,0,0.42857142857142855,0.42857142857142855,0.9285714285714286,1.3571428571428572,0.5,0.4,,0.14285714285714285,0.14285714285714285,0.0,0.3333333333333333,0.6666666666666666,0.5,212.07142857142858,0.42857142857142855,0.9285714285714286,1.9052504431022115,0.9811,2,4,SM,14,14,6,13,0,0,0,S7,638.0,True,FAP,FAP,12,0.24158779252308848
2,3,3,0,0.0,0,0,0,0,0,0.0,0,0,0,0,0,0,0,0,0,1,0,2,0,0,0.0,0.0,0.0,0.0,0.0,0.0,,0.0,0.0,0.0,0.3333333333333333,0.6666666666666666,0.5,364.0,0.0,0.0,-0.4864889546692699,-0.0862,1,2,SM,3,3,0,0,0,0,0,S7,638.0,True,MMA,MMA,14,-0.037706877992741125
4,13,11,4,4.0,2,0,0,2,10,3.0,2,0,2,0,0,0,0,0,0,0,1,4,0,0,0.36363636363636365,0.46153846153846156,0.9090909090909091,1.3706293706293706,0.5454545454545454,0.2857142857142857,,0.15384615384615385,0.15384615384615385,0.15384615384615385,0.2,0.8,0.25,208.91666666666666,0.46153846153846156,0.9090909090909091,1.1518428460003456,0.10769999999999999,1,4,WC,13,11,4,10,2,0,0,S7,639.0,False,2TM,SSJ,12,0.16259969365483995
3,10,9,4,4.0,2,0,0,2,10,3.0,1,0,1,0,0,0,0,0,0,0,1,3,0,0,0.4444444444444444,0.5,1.1111111111111112,1.6111111111111112,0.6666666666666667,0.3333333333333333,,0.2,0.1,0.1,0.25,0.75,0.3333333333333333,194.11111111111111,0.5,1.1111111111111112,1.416812033983164,0.1485,1,3,WC,10,9,4,10,1,0,0,S7,639.0,True,PBA,PBA,5,0.17815459497893593
1,3,2,0,0.0,0,0,0,0,0,0.0,1,0,1,0,0,0,0,0,0,0,0,1,0,0,0.0,0.3333333333333333,0.0,0.3333333333333333,0.0,0.0,,0.0,0.3333333333333333,0.3333333333333333,0.0,1.0,0.0,253.33333333333334,0.3333333333333333,0.0,-0.26496918798281854,-0.040799999999999996,0,1,WC,3,2,0,0,1,0,0,S7,639.0,True,SSJ,SSJ,12,-0.015554901324095993
8,18,16,1,0.0,0,1,0,0,2,0.0,2,0,5,3,0,0,0,0,0,4,3,1,2,0,0.0625,0.16666666666666666,0.125,0.29166666666666663,0.0625,0.09090909090909091,,0.0,0.2777777777777778,0.1111111111111111,0.7,0.3,2.3333333333333335,325.6,0.1111111111111111,0.11764705882352941,-2.964039008749222,-0.3305,7,3,BC,18,17,1,2,1,0,0,S7,640.0,False,2TM,CPR,12,-0.23075179602980703
1,2,1,0,0.0,0,0,0,0,0,0.0,1,0,0,0,0,0,0,0,0,0,0,0,1,0,0.0,0.5,0.0,0.5,0.0,0.0,,0.0,0.0,0.5,0.0,1.0,0.0,260.0,0.5,0.0,0.16828063962615458,0.051699999999999996,0,1,BC,2,1,0,0,1,0,0,S7,640.0,True,FAP,FAP,1,0.024122742278739364
7,16,15,1,0.0,0,1,0,0,2,0.0,1,0,5,3,0,0,0,0,0,4,3,1,1,0,0.06666666666666667,0.125,0.13333333333333333,0.2583333333333333,0.06666666666666667,0.1,,0.0,0.3125,0.0625,0.7777777777777778,0.2222222222222222,3.5,335.6923076923077,0.0625,0.125,-3.1323196483753764,-0.3822,7,2,BC,16,16,1,2,0,0,0,S7,640.0,True,CPR,CPR,12,-0.2548745383085464
3,6,5,1,1.0,1,0,0,0,1,0.0,1,0,1,0,0,1,0,0,0,0,2,1,0,0,0.2,0.3333333333333333,0.2,0.5333333333333333,0.0,0.25,0.0,0.0,0.16666666666666666,0.16666666666666666,0.6666666666666666,0.3333333333333333,2.0,296.85714285714283,0.3333333333333333,0.2,-1.0795280741200692,-0.1387,2,1,SM,6,5,1,1,1,0,0,S7,647.0,False,TRI,TRI,13,-0.0860687724636352
9,20,20,4,1.0,2,1,1,0,7,0.0,0,0,6,1,0,0,0,0,0,2,2,4,2,0,0.2,0.2,0.35,0.55,0.14999999999999997,0.2857142857142857,,0.0,0.3,0.0,0.4,0.6,0.6666666666666666,259.5263157894737,0.2,0.3,-3.121050317659862,-0.24009999999999998,4,6,HK,20,20,4,6,0,0,0,S7,649.0,False,BBB,BBB,14,-0.23915824860474713
3,9,8,2,2.0,1,0,0,1,5,3.0,1,0,4,0,0,0,0,0,2,2,0,0,0,0,0.25,0.3333333333333333,0.625,0.9583333333333333,0.375,0.3333333333333333,,0.1111111111111111,0.4444444444444444,0.1111111111111111,1.0,0.0,,266.55555555555554,0.3333333333333333,0.625,0.6864073641429176,0.08700000000000004,4,0,TT,9,8,2,5,1,0,0,S7,650.0,False,STK,STK,14,0.10146678883684934
7,17,16,4,5.0,0,2,0,2,12,3.0,1,0,6,0,0,0,0,0,0,2,0,1,3,0,0.25,0.29411764705882354,0.75,1.0441176470588236,0.5,0.25,,0.11764705882352941,0.35294117647058826,0.058823529411764705,0.3333333333333333,0.6666666666666666,0.5,233.0,0.29411764705882354,0.6875,0.37401086814765006,0.3104,2,4,XB,17,16,4,11,1,0,0,S7,651.0,False,2TM,PBA,12,0.09940585250181821
6,15,15,4,4.0,0,2,0,2,12,3.0,0,0,5,0,0,0,0,0,0,2,0,1,3,0,0.26666666666666666,0.26666666666666666,0.8,1.0666666666666667,0.5333333333333334,0.25,,0.13333333333333333,0.3333333333333333,0.0,0.3333333333333333,0.6666666666666666,0.5,233.46666666666667,0.26666666666666666,0.7333333333333333,0.31707376552433897,0.2841,2,4,XB,15,15,4,11,0,0,0,S7,651.0,True,SSJ,SSJ,7,0.08641746392336319
1,2,1,0,1.0,0,0,0,0,0,0.0,1,0,1,0,0,0,0,0,0,0,0,0,0,0,0.0,0.5,0.0,0.5,0.0,,,0.0,0.5,0.5,,,,229.5,0.5,0.0,0.05693710262331153,0.0263,0,0,XB,2,1,0,0,1,0,0,S7,651.0,True,PBA,PBA,12,0.01298838857845506
11,28,24,8,6.0,5,1,1,1,14,2.0,4,0,2,0,0,0,0,0,2,6,3,3,2,0,0.3333333333333333,0.42857142857142855,0.5833333333333334,1.0119047619047619,0.25000000000000006,0.3333333333333333,,0.03571428571428571,0.07142857142857142,0.14285714285714285,0.6875,0.3125,2.2,257.75,0.39285714285714285,0.52,0.6376195530740045,-0.17320000000000002,11,5,BC,28,25,8,13,3,0,0,S7,654.0,False,TRI,TRI,14,0.16588745173313516
2,6,6,1,1.0,0,1,0,0,2,0.0,0,0,1,0,0,0,0,0,0,1,0,2,1,0,0.16666666666666666,0.16666666666666666,0.3333333333333333,0.5,0.16666666666666666,0.2,,0.0,0.16666666666666666,0.0,0.25,0.75,0.3333333333333333,262.8333333333333,0.16666666666666666,0.3333333333333333,-0.9872449072968865,-0.15990000000000001,1,3,TT,6,6,1,2,0,0,0,S7,657.0,False,SSJ,SSJ,5,-0.07684045578131693
1,3,2,0,1.0,0,0,0,0,0,0.0,1,0,2,0,0,0,0,0,0,0,0,0,0,0,0.0,0.3333333333333333,0.0,0.3333333333333333,0.0,,,0.0,0.6666666666666666,0.3333333333333333,,,,263.0,0.3333333333333333,0.0,-0.1793182742536693,-0.039200000000000006,0,0,TT,3,2,0,0,1,0,0,S7,662.0,False,TRI,TRI,8,-0.006989809951181071
6,16,14,4,2.0,2,0,0,2,10,4.0,2,0,7,0,0,0,0,0,1,1,1,1,0,0,0.2857142857142857,0.375,0.7142857142857143,1.0892857142857144,0.4285714285714286,0.4,,0.125,0.4375,0.125,0.75,0.25,3.0,234.75,0.375,0.7142857142857143,2.2270358481787755,0.07609999999999995,3,1,BP,16,14,4,10,2,0,0,S7,665.0,False,BBC,BBC,14,0.28106101134686884
3,8,8,4,2.0,3,0,0,1,7,2.0,0,0,0,0,0,0,0,0,0,1,2,0,1,0,0.5,0.5,0.875,1.375,0.375,0.42857142857142855,,0.125,0.0,0.0,0.75,0.25,3.0,246.875,0.5,0.875,1.1903506094211247,0.0548,3,1,SM,8,8,4,7,0,0,0,S7,669.0,False,STK,STK,7,0.14821377420660808
2,6,5,2,3.0,0,1,0,1,6,2.0,1,0,1,0,0,0,0,0,1,0,1,0,1,0,0.4,0.5,1.2,1.7,0.7999999999999999,0.3333333333333333,,0.16666666666666666,0.16666666666666666,0.16666666666666666,0.6666666666666666,0.3333333333333333,2.0,224.0,0.5,1.2,1.3821474542487382,-0.0457,2,1,BN,6,5,2,6,1,0,0,S7,671.0,False,TRI,TRI,14,0.16009878037324554
1,3,2,0,0.0,0,0,0,0,0,0.0,1,0,0,0,0,0,0,0,0,0,0,2,0,0,0.0,0.3333333333333333,0.0,0.3333333333333333,0.0,0.0,,0.0,0.0,0.3333333333333333,0.0,1.0,0.0,198.66666666666666,0.3333333333333333,0.0,-0.4238553868313153,-0.02329999999999999,0,2,BC,3,2,0,0,1,0,0,S7,672.0,False,BBB,BBB,2,-0.03144352120894567
2,4,4,0,0.0,0,0,0,0,0,0.0,0,0,0,0,0,0,0,0,0,0,1,2,1,0,0.0,0.0,0.0,0.0,0.0,0.0,,0.0,0.0,0.0,0.25,0.75,0.3333333333333333,335.75,0.0,0.0,-1.9372198408026633,-0.19669999999999999,1,3,S,4,4,0,0,0,0,0,S7,679.0,False,PBA,PBA,13,-0.17913262744801853
1,3,3,0,0.0,0,0,0,0,0,0.0,0,0,0,0,0,0,0,0,0,2,0,0,1,0,0.0,0.0,0.0,0.0,0.0,0.0,,0.0,0.0,0.0,0.6666666666666666,0.3333333333333333,2.0,367.3333333333333,0.0,0.0,-0.6637626628720672,-0.0934,2,1,1B,3,3,0,0,0,0,0,S7,683.0,False,MMA,MMA,13,-0.05543424881302086
6,12,12,4,3.0,0,1,0,3,14,4.0,0,0,1,0,0,0,0,0,2,4,3,0,0,0,0.3333333333333333,0.3333333333333333,1.1666666666666667,1.5,0.8333333333333335,0.125,,0.25,0.08333333333333333,0.0,1.0,0.0,,257.75,0.3333333333333333,1.1666666666666667,0.39887294638771464,0.05259999999999993,9,0,MH,12,12,4,14,0,0,0,S7,686.0,False,2TM,SSJ,11,0.08365536453551489
5,9,9,2,2.0,0,0,0,2,8,3.0,0,0,1,0,0,0,0,0,2,3,3,0,0,0,0.2222222222222222,0.2222222222222222,0.8888888888888888,1.1111111111111112,0.6666666666666666,0.0,,0.2222222222222222,0.1111111111111111,0.0,1.0,0.0,,294.3333333333333,0.2222222222222222,0.8888888888888888,-0.6612950832570592,-0.08790000000000005,8,0,MH,9,9,2,8,0,0,0,S7,686.0,True,BAC,BAC,9,-0.033303455903148343
1,3,3,2,1.0,0,1,0,1,6,1.0,0,0,0,0,0,0,0,0,0,1,0,0,0,0,0.6666666666666666,0.6666666666666666,2.0,2.6666666666666665,1.3333333333333335,0.5,,0.3333333333333333,0.0,0.0,1.0,0.0,,148.0,0.6666666666666666,2.0,1.0601680296447737,0.14049999999999999,1,0,MH,3,3,2,6,0,0,0,S7,686.0,True,SSJ,SSJ,11,0.11695882043866324
5,10,9,1,0.0,1,0,0,0,1,0.0,1,0,6,6,0,0,0,0,0,1,0,1,0,0,0.1111111111111111,0.2,0.1111111111111111,0.3111111111111111,0.0,0.3333333333333333,,0.0,0.6,0.1,0.5,0.5,1.0,192.75,0.2,0.0,-1.5637237303360552,-0.13549999999999998,1,1,SM,10,8,0,0,2,0,0,S7,697.0,False,CPR,CPR,10,-0.11989898145298598
4,9,8,3,4.0,1,0,0,2,9,3.0,1,0,3,0,0,0,0,0,0,0,1,1,0,0,0.375,0.4444444444444444,1.125,1.5694444444444444,0.75,0.3333333333333333,,0.2222222222222222,0.3333333333333333,0.1111111111111111,0.5,0.5,1.0,194.55555555555554,0.4444444444444444,1.125,2.2352439069734675,0.4264,1,1,SF,9,8,3,9,1,0,0,S7,698.0,False,2TM,PBA,5,0.2563504431199043
4,7,6,2,3.0,1,0,0,1,5,2.0,1,0,2,0,0,0,0,0,0,0,1,1,0,0,0.3333333333333333,0.42857142857142855,0.8333333333333334,1.2619047619047619,0.5,0.3333333333333333,,0.14285714285714285,0.2857142857142857,0.14285714285714285,0.5,0.5,1.0,210.42857142857142,0.42857142857142855,0.8333333333333334,1.4046791229203117,0.3291,1,1,SF,7,6,2,5,1,0,0,S7,698.0,True,PBA,PBA,5,0.16599928639846484
1,2,2,1,1.0,0,0,0,1,4,1.0,0,0,1,0,0,0,0,0,0,0,0,0,0,0,0.5,0.5,2.0,2.5,1.5,,,0.5,0.5,0.0,,,,139.0,0.5,2.0,0.8305647840531561,0.0973,0,0,SF,2,2,1,4,0,0,0,S7,698.0,True,FAP,FAP,4,0.09035115672143952
4,10,10,4,3.0,0,1,0,3,14,7.0,0,0,0,0,0,0,0,0,2,1,3,1,1,0,0.4,0.4,1.4,1.7999999999999998,0.9999999999999999,0.14285714285714285,,0.3,0.0,0.0,0.75,0.25,3.0,230.3,0.4,1.2,3.252902208492534,0.7889999999999999,6,2,MH,10,10,4,12,0,0,0,S7,701.0,False,SSJ,SSJ,10,0.361763612429873
3,8,8,1,0.0,1,0,0,0,1,0.0,0,0,3,0,0,0,0,0,0,0,1,2,1,0,0.125,0.125,0.125,0.25,0.0,0.2,,0.0,0.375,0.0,0.25,0.75,0.3333333333333333,301.375,0.125,0.125,-1.217713546515576,-0.26639999999999997,1,3,S,8,8,1,1,0,0,0,S7,702.0,False,2TM,PBA,14,-0.09259264138706197
1,3,3,1,0.0,1,0,0,0,1,0.0,0,0,0,0,0,0,0,0,0,0,0,1,1,0,0.3333333333333333,0.3333333333333333,0.3333333333333333,0.6666666666666666,0.0,0.3333333333333333,,0.0,0.0,0.0,0.0,1.0,0.0,240.0,0.3333333333333333,0.3333333333333333,0.004210783839602217,-0.0363,0,2,S,3,3,1,1,0,0,0,S7,702.0,True,BBB,BBB,5,0.011363095858146082
2,5,5,0,0.0,0,0,0,0,0,0.0,0,0,3,0,0,0,0,0,0,0,1,1,0,0,0.0,0.0,0.0,0.0,0.0,0.0,,0.0,0.6,0.0,0.5,0.5,1.0,338.2,0.0,0.0,-1.221924330355178,-0.23010000000000003,1,1,S,5,5,0,0,0,0,0,S7,702.0,True,PBA,PBA,14,-0.10395573724520801
4,9,9,5,0.0,2,3,0,0,8,2.0,0,0,1,0,0,0,0,0,0,1,0,2,0,0,0.5555555555555556,0.5555555555555556,0.8888888888888888,1.4444444444444444,0.33333333333333326,0.625,,0.0,0.1111111111111111,0.0,0.3333333333333333,0.6666666666666666,0.5,166.55555555555554,0.5555555555555556,0.75,2.624228193564252,0.07899999999999997,1,2,BP,9,8,4,6,1,0,0,S7,703.0,False,CPR,CPR,14,0.2952488717789828
2,6,6,1,1.0,0,0,1,0,3,0.0,0,0,2,0,0,0,0,0,0,1,1,1,0,0,0.16666666666666666,0.16666666666666666,0.5,0.6666666666666666,0.33333333333333337,0.25,,0.0,0.3333333333333333,0.0,0.6666666666666666,0.3333333333333333,2.0,262.1666666666667,0.16666666666666666,0.3333333333333333,-0.604462496316499,-0.1522,2,1,EN,6,6,1,2,0,0,0,S7,705.0,False,PBA,PBA,13,-0.038562214683278175
2,4,4,1,1.0,0,0,0,1,4,1.0,0,0,1,0,0,0,0,0,0,0,0,1,1,0,0.25,0.25,1.0,1.25,0.75,0.0,,0.25,0.25,0.0,0.0,1.0,0.0,181.5,0.25,1.0,0.5135110453307301,0.11450000000000002,0,2,MH,4,4,1,4,0,0,0,S7,708.0,False,BBB,BBB,2,0.06594046116532082
5,12,12,2,1.0,1,0,0,1,5,3.0,0,0,3,2,0,0,0,0,1,3,2,2,0,0,0.16666666666666666,0.16666666666666666,0.4166666666666667,0.5833333333333334,0.25,0.125,,0.08333333333333333,0.25,0.0,0.75,0.25,3.0,252.8,0.16666666666666666,0.4166666666666667,0.27140148369993666,0.08730000000000002,6,2,MH,12,12,2,5,0,0,0,S7,711.0,False,CPR,CPR,12,0.0709082182667371
5,11,11,4,2.0,3,0,0,1,7,2.0,0,0,2,0,0,0,0,0,1,2,1,0,2,0,0.36363636363636365,0.36363636363636365,0.6363636363636364,1.0,0.2727272727272727,0.375,,0.09090909090909091,0.18181818181818182,0.0,0.6666666666666666,0.3333333333333333,2.0,269.90909090909093,0.36363636363636365,0.6,0.13548220565730124,0.1315,4,2,EN,11,10,3,6,1,0,0,S7,713.0,False,SSC,SSC,14,0.053668951304411606
2,5,4,1,0.0,0,1,0,0,2,0.0,1,0,1,0,0,0,0,0,0,0,0,2,0,0,0.25,0.4,0.5,0.9,0.25,0.3333333333333333,,0.0,0.2,0.2,0.0,1.0,0.0,176.4,0.4,0.5,0.20651388923219383,0.022099999999999998,0,2,SF,5,4,1,2,1,0,0,S7,714.0,False,PBA,PBA,9,0.03888808471352915
9,21,21,5,1.0,3,2,0,0,7,1.0,0,0,4,1,0,0,0,0,0,5,2,5,0,0,0.23809523809523808,0.23809523809523808,0.3333333333333333,0.5714285714285714,0.09523809523809523,0.29411764705882354,,0.0,0.19047619047619047,0.0,0.5833333333333334,0.4166666666666667,1.4,286.6,0.23809523809523808,0.3333333333333333,-1.9552417130181234,-0.3334,7,5,SM,21,21,5,7,0,0,0,S7,716.0,False,2TM,MMA,14,-0.11893004898251132
8,18,18,4,1.0,3,1,0,0,5,1.0,0,0,4,1,0,0,0,0,0,5,2,3,0,0,0.2222222222222222,0.2222222222222222,0.2777777777777778,0.5,0.05555555555555558,0.2857142857142857,,0.0,0.2222222222222222,0.0,0.7,0.3,2.3333333333333335,301.94117647058823,0.2222222222222222,0.2777777777777778,-1.7791543657859166,-0.24349999999999994,7,3,SM,18,18,4,5,0,0,0,S7,716.0,True,MMA,MMA,14,-0.11226333173347651
1,3,3,1,0.0,0,1,0,0,2,0.0,0,0,0,0,0,0,0,0,0,0,0,2,0,0,0.3333333333333333,0.3333333333333333,0.6666666666666666,1.0,0.3333333333333333,0.3333333333333333,,0.0,0.0,0.0,0.0,1.0,0.0,199.66666666666666,0.3333333333333333,0.6666666666666666,-0.17608734723220693,-0.08990000000000001,0,2,SM,3,3,1,2,0,0,0,S7,716.0,True,FAP,FAP,8,-0.006666717249034833
5,11,10,0,0.0,0,0,0,0,0,0.0,1,0,1,1,0,0,0,0,0,3,3,1,2,0,0.0,0.09090909090909091,0.0,0.09090909090909091,0.0,0.0,,0.0,0.09090909090909091,0.09090909090909091,0.6666666666666666,0.3333333333333333,2.0,300.8,0.09090909090909091,0.0,-2.093069515471455,-0.1645,6,3,MH,11,10,0,0,1,0,0,S7,720.0,False,BAC,BAC,9,-0.16918622080846402
7,18,18,5,2.0,4,0,0,1,8,4.0,0,0,2,0,0,0,0,0,0,1,0,4,6,0,0.2777777777777778,0.2777777777777778,0.4444444444444444,0.7222222222222222,0.16666666666666663,0.26666666666666666,,0.05555555555555555,0.1111111111111111,0.0,0.09090909090909091,0.9090909090909091,0.1,238.38888888888889,0.2777777777777778,0.4444444444444444,1.694804432211666,0.15160000000000004,1,10,SF,18,18,5,8,0,0,0,S7,723.0,False,BBB,BBB,14,0.23513254806628175
3,8,7,1,1.0,1,0,0,0,1,0.0,1,0,1,1,0,0,0,0,1,1,2,2,0,0,0.14285714285714285,0.25,0.14285714285714285,0.39285714285714285,0.0,0.16666666666666666,,0.0,0.125,0.125,0.6666666666666666,0.3333333333333333,2.0,290.0,0.25,0.14285714285714285,-1.3568838697722405,-0.26860000000000006,4,2,BC,8,7,1,1,1,0,0,S7,728.0,False,BBB,BBB,5,-0.10650967371272842
5,11,11,3,1.0,2,1,0,0,4,2.0,0,0,4,0,0,0,0,0,0,2,0,0,2,0,0.2727272727272727,0.2727272727272727,0.36363636363636365,0.6363636363636364,0.09090909090909094,0.42857142857142855,,0.0,0.36363636363636365,0.0,0.5,0.5,1.0,292.8181818181818,0.2727272727272727,0.36363636363636365,0.6214030049259303,0.5609999999999999,2,2,WC,11,11,3,4,0,0,0,S7,729.0,False,PBA,PBA,14,0.10226103123127453
3,6,6,2,1.0,2,0,0,0,2,0.0,0,0,2,0,0,0,0,0,0,1,1,0,0,0,0.3333333333333333,0.3333333333333333,0.3333333333333333,0.6666666666666666,0.0,0.5,,0.0,0.3333333333333333,0.0,1.0,0.0,,275.6666666666667,0.3333333333333333,0.3333333333333333,-0.7156271568941277,-0.1605,2,0,BC,6,6,2,2,0,0,0,S7,730.0,False,CPR,CPR,6,-0.04967868074104105
5,12,10,2,0.0,0,2,0,0,4,0.0,2,0,1,0,0,0,0,0,1,2,3,1,1,0,0.2,0.3333333333333333,0.4,0.7333333333333334,0.2,0.2222222222222222,,0.0,0.08333333333333333,0.16666666666666666,0.75,0.25,3.0,289.5,0.25,0.2727272727272727,-0.8386141282586065,-0.1321,6,2,SM,12,11,2,3,1,0,0,S7,740.0,False,CPR,CPR,12,-0.04009334292911721
11,31,25,8,7.0,5,1,0,2,15,6.0,6,0,0,0,0,1,0,0,1,1,4,11,1,0,0.32,0.45161290322580644,0.6,1.0516129032258064,0.27999999999999997,0.2608695652173913,0.0,0.06451612903225806,0.0,0.1935483870967742,0.3333333333333333,0.6666666666666666,0.5,224.65625,0.41935483870967744,0.5769230769230769,2.027587358287334,0.17860000000000004,6,12,SM,31,26,8,15,5,0,0,S7,745.0,False,TBL,TBL,14,0.315826249728654
1,3,3,1,0.0,1,0,0,0,1,0.0,0,0,0,0,0,0,0,0,1,0,1,1,0,0,0.3333333333333333,0.3333333333333333,0.3333333333333333,0.6666666666666666,0.0,0.3333333333333333,,0.0,0.0,0.0,0.6666666666666666,0.3333333333333333,2.0,251.0,0.3333333333333333,0.3333333333333333,-0.8457840416768112,-0.0505,2,1,BN,3,3,1,1,0,0,0,S7,746.0,False,MMA,MMA,5,-0.07363638669349526
3,8,8,3,0.0,2,1,0,0,4,2.0,0,0,3,0,0,0,0,0,0,0,0,1,1,0,0.375,0.375,0.5,0.875,0.125,0.6,,0.0,0.375,0.0,0.0,1.0,0.0,193.375,0.375,0.5,0.36656874529760874,0.07109999999999998,0,2,HK,8,8,3,4,0,0,0,S7,758.0,False,SSJ,SSJ,4,0.0658355877942565
10,38,34,14,11.0,7,2,0,5,31,8.0,3,0,3,0,5,2,0,1,1,3,4,8,3,0,0.4117647058823529,0.4473684210526316,0.9117647058823529,1.3591331269349844,0.5,0.3333333333333333,0.7142857142857143,0.13157894736842105,0.07894736842105263,0.07894736842105263,0.4,0.6,0.6666666666666666,223.26666666666668,0.42105263157894735,0.8857142857142857,4.8008222730891985,0.8309999999999998,8,12,SM,38,35,14,31,2,1,0,S7,770.0,False,2TM,TBL,14,0.618681115315274
10,31,28,10,9.0,5,1,0,4,23,5.0,3,0,3,0,4,2,0,0,0,3,3,6,3,0,0.35714285714285715,0.41935483870967744,0.8214285714285714,1.2407834101382489,0.46428571428571425,0.2857142857142857,0.6666666666666666,0.12903225806451613,0.0967741935483871,0.0967741935483871,0.4,0.6,0.6666666666666666,232.78378378378378,0.3870967741935484,0.7931034482758621,3.5580004067159354,0.4366,6,9,SM,31,29,10,23,2,0,0,S7,770.0,True,TBL,TBL,14,0.4688675545715141
4,7,6,4,2.0,2,1,0,1,8,3.0,0,0,0,0,1,0,0,1,1,0,1,2,0,0,0.6666666666666666,0.5714285714285714,1.3333333333333333,1.9047619047619047,0.6666666666666666,0.5,1.0,0.14285714285714285,0.0,0.0,0.4,0.6,0.6666666666666666,179.25,0.5714285714285714,1.3333333333333333,1.2428218663732635,0.3944,2,3,SM,7,6,4,8,0,1,0,S7,770.0,True,FAP,FAP,13,0.14981356074376
3,7,6,0,0.0,0,0,0,0,0,0.0,1,0,1,1,0,0,0,0,0,0,1,4,0,0,0.0,0.14285714285714285,0.0,0.14285714285714285,0.0,0.0,,0.0,0.14285714285714285,0.14285714285714285,0.2,0.8,0.25,275.6666666666667,0.14285714285714285,0.0,-1.5285044091982862,-0.08399999999999999,1,4,BC,7,6,0,0,1,0,0,S7,772.0,False,BBB,BBB,6,-0.12731906681339494
3,6,6,2,1.0,1,1,0,0,3,0.0,0,0,0,0,0,0,0,0,0,0,0,2,2,0,0.3333333333333333,0.3333333333333333,0.5,0.8333333333333333,0.16666666666666669,0.3333333333333333,,0.0,0.0,0.0,0.0,1.0,0.0,236.16666666666666,0.3333333333333333,0.5,0.10283581026313005,-0.0598,0,4,S,6,6,2,3,0,0,0,S7,775.0,False,PBA,PBA,8,0.032167615974684725
7,16,16,4,2.0,1,0,1,2,12,3.0,0,0,0,0,0,1,0,0,1,3,4,4,1,0,0.25,0.25,0.75,1.0,0.5,0.14285714285714285,0.0,0.125,0.0,0.0,0.6153846153846154,0.38461538461538464,1.6,262.2352941176471,0.25,0.75,-1.0839400149293925,-0.21909999999999996,8,5,HK,16,16,4,12,0,0,0,S7,776.0,False,STK,STK,13,-0.050036574963948
6,17,17,4,2.0,0,2,0,2,12,3.0,0,0,9,1,0,0,0,0,0,0,0,3,1,0,0.23529411764705882,0.23529411764705882,0.7058823529411765,0.9411764705882353,0.4705882352941177,0.3333333333333333,,0.11764705882352941,0.5294117647058824,0.0,0.0,1.0,0.0,234.0,0.23529411764705882,0.7058823529411765,0.49749006893530273,-0.012099999999999986,0,4,BP,17,17,4,12,0,0,0,S7,777.0,False,PBA,PBA,14,0.11175377258058347
4,8,8,2,0.0,1,1,0,0,3,0.0,0,0,0,0,0,0,0,0,0,3,1,2,0,0,0.25,0.25,0.375,0.625,0.125,0.25,,0.0,0.0,0.0,0.6666666666666666,0.3333333333333333,2.0,266.875,0.25,0.375,-0.3686119195384747,-0.1054,4,2,1B,8,8,2,3,0,0,0,S7,778.0,False,2TM,KNX,14,-0.007682478689351846
2,3,3,1,0.0,1,0,0,0,1,0.0,0,0,0,0,0,0,0,0,0,1,0,1,0,0,0.3333333333333333,0.3333333333333333,0.3333333333333333,0.6666666666666666,0.0,0.3333333333333333,,0.0,0.0,0.0,0.5,0.5,1.0,246.0,0.3333333333333333,0.3333333333333333,-0.2578803099308907,-0.0439,1,1,1B,3,3,1,1,0,0,0,S7,778.0,True,SSJ,SSJ,7,-0.014846013518903212
2,5,5,1,0.0,0,1,0,0,2,0.0,0,0,0,0,0,0,0,0,0,2,1,1,0,0,0.2,0.2,0.4,0.6000000000000001,0.2,0.2,,0.0,0.0,0.0,0.75,0.25,3.0,279.4,0.2,0.4,-0.11073160960758399,-0.0615,3,1,1B,5,5,1,2,0,0,0,S7,778.0,True,KNX,KNX,14,0.007163534829551366
1,2,2,0,0.0,0,0,0,0,0,0.0,0,0,0,0,0,0,0,0,0,1,0,1,0,0,0.0,0.0,0.0,0.0,0.0,0.0,,0.0,0.0,0.0,0.5,0.5,1.0,290.0,0.0,0.0,-0.32796208530805687,-0.048100000000000004,1,1,BC,2,2,0,0,0,0,0,S7,779.0,False,BBB,BBB,6,-0.025501530214681777
3,7,7,3,1.0,1,2,0,0,5,0.0,0,0,1,1,0,0,0,0,1,1,0,1,1,0,0.42857142857142855,0.42857142857142855,0.7142857142857143,1.1428571428571428,0.28571428571428575,0.5,,0.0,0.14285714285714285,0.0,0.5,0.5,1.0,208.83333333333334,0.42857142857142855,0.7142857142857143,0.06047011005520819,0.0269,2,2,BC,7,7,3,5,0,0,0,S7,780.0,False,SCG,SCG,6,0.031578385111954495
6,13,13,4,2.0,3,0,0,1,7,1.0,0,0,3,0,0,0,0,0,1,2,1,1,2,0,0.3076923076923077,0.3076923076923077,0.5384615384615384,0.8461538461538461,0.23076923076923073,0.3333333333333333,,0.07692307692307693,0.23076923076923078,0.0,0.5714285714285714,0.42857142857142855,1.3333333333333333,280.0769230769231,0.3076923076923077,0.5384615384615384,-0.8485807166228301,-0.2215,4,3,TT,13,13,4,7,0,0,0,S7,782.0,False,MMA,MMA,14,-0.03744266260747762
4,10,8,3,1.0,2,0,0,1,6,1.0,2,0,1,0,0,0,0,0,0,0,0,2,2,0,0.375,0.5,0.75,1.25,0.375,0.3333333333333333,,0.1,0.1,0.2,0.0,1.0,0.0,192.4,0.5,0.75,0.9028454316510373,0.1266,0,4,BN,10,8,3,6,2,0,0,S7,783.0,False,TBL,TBL,14,0.12675793474572325
2,5,5,2,0.0,2,0,0,0,2,0.0,0,0,1,0,0,0,0,0,0,0,0,2,0,0,0.4,0.4,0.4,0.8,0.0,0.5,,0.0,0.2,0.0,0.0,1.0,0.0,204.6,0.4,0.4,-0.1724808795291014,0.007100000000000002,0,2,WC,5,5,2,2,0,0,0,S7,784.0,False,CPR,CPR,10,0.0009886078373996243
4,11,11,3,2.0,0,2,0,1,8,5.0,0,0,2,1,0,0,0,0,0,0,1,1,4,0,0.2727272727272727,0.2727272727272727,0.7272727272727273,1.0,0.4545454545454546,0.25,,0.09090909090909091,0.18181818181818182,0.0,0.16666666666666666,0.8333333333333334,0.2,253.1,0.2727272727272727,0.7272727272727273,3.262968448849266,0.2364,1,5,S,11,11,3,8,0,0,0,S7,786.0,False,WSW,WSW,9,0.3664175756236081
3,9,9,5,2.0,2,2,1,0,9,1.0,0,0,0,0,1,0,0,0,0,0,0,4,0,0,0.5555555555555556,0.5555555555555556,1.0,1.5555555555555556,0.4444444444444444,0.5555555555555556,1.0,0.0,0.0,0.0,0.0,1.0,0.0,136.7,0.5555555555555556,1.0,2.1246932984677387,0.3825,0,4,SM,9,9,5,9,0,0,0,S7,788.0,False,2TM,CPR,8,0.24529538226933142
2,6,6,4,2.0,1,2,1,0,8,1.0,0,0,0,0,1,0,0,0,0,0,0,2,0,0,0.6666666666666666,0.6666666666666666,1.3333333333333333,2.0,0.6666666666666666,0.6666666666666666,1.0,0.0,0.0,0.0,0.0,1.0,0.0,116.42857142857143,0.6666666666666666,1.3333333333333333,2.5207040025830763,0.4027,0,2,SM,6,6,4,8,0,0,0,S7,788.0,True,CPR,CPR,8,0.27395443520667934
1,3,3,1,0.0,1,0,0,0,1,0.0,0,0,0,0,0,0,0,0,0,0,0,2,0,0,0.3333333333333333,0.3333333333333333,0.3333333333333333,0.6666666666666666,0.0,0.3333333333333333,,0.0,0.0,0.0,0.0,1.0,0.0,184.0,0.3333333333333333,0.3333333333333333,-0.3960107041153379,-0.020200000000000003,0,2,SM,3,3,1,1,0,0,0,S7,788.0,True,FAP,FAP,7,-0.02865905293734793
9,26,24,8,5.0,6,0,0,2,14,2.0,2,0,4,0,0,0,0,0,0,1,3,4,4,0,0.3333333333333333,0.38461538461538464,0.5833333333333334,0.9679487179487181,0.25000000000000006,0.3333333333333333,,0.07692307692307693,0.15384615384615385,0.07692307692307693,0.3333333333333333,0.6666666666666666,0.5,244.69230769230768,0.38461538461538464,0.5833333333333334,-0.6918267426906615,0.08869999999999997,4,8,S,26,24,8,14,2,0,0,S7,802.0,False,BAC,BAC,14,0.025648143840544636
1,2,1,1,0.0,1,0,0,0,1,0.0,1,0,0,0,0,0,0,0,0,0,0,0,0,0,1.0,1.0,1.0,2.0,0.0,1.0,,0.0,0.0,0.5,,,,120.5,1.0,1.0,0.3880768884209696,0.0552,0,0,WC,2,1,1,1,1,0,0,S7,813.0,False,KNX,KNX,14,0.04610236715822087
2,6,6,1,1.0,0,1,0,0,2,0.0,0,0,2,0,0,0,0,0,0,1,0,1,1,0,0.16666666666666666,0.16666666666666666,0.3333333333333333,0.5,0.16666666666666666,0.25,,0.0,0.3333333333333333,0.0,0.3333333333333333,0.6666666666666666,0.5,289.6666666666667,0.16666666666666666,0.16666666666666666,-0.7084963169468119,-0.10039999999999999,1,2,TT,6,6,1,1,0,0,0,S7,814.0,False,WSW,WSW,7,-0.04896559674630947
3,5,5,1,0.0,0,1,0,0,2,0.0,0,0,1,0,0,0,0,0,0,1,0,1,1,0,0.2,0.2,0.4,0.6000000000000001,0.2,0.25,,0.0,0.2,0.0,0.3333333333333333,0.6666666666666666,0.5,242.2,0.2,0.4,-0.305976178141858,-0.020300000000000002,1,2,BC,5,5,1,2,0,0,0,S7,1692.0,False,RRR,RRR,12,-0.012360922023876036
4,12,12,2,0.0,2,0,0,0,2,1.0,0,0,3,2,0,0,0,0,1,0,1,3,3,0,0.16666666666666666,0.16666666666666666,0.16666666666666666,0.3333333333333333,0.0,0.2222222222222222,,0.0,0.25,0.0,0.25,0.75,0.3333333333333333,289.5,0.16666666666666666,0.16666666666666666,-1.6048962151576964,0.06809999999999994,2,6,S,12,12,2,2,0,0,0,S7,1698.0,False,TRI,TRI,12,-0.1167215516190262
3,7,7,1,0.0,0,1,0,0,2,0.0,0,0,0,0,0,0,0,0,0,2,1,2,1,0,0.14285714285714285,0.14285714285714285,0.2857142857142857,0.42857142857142855,0.14285714285714285,0.14285714285714285,,0.0,0.0,0.0,0.5,0.5,1.0,314.2857142857143,0.14285714285714285,0.2857142857142857,-1.0037692418340212,-0.10970000000000002,3,3,SM,7,7,1,2,0,0,0,S7,1699.0,False,TBL,TBL,12,-0.07484555007696844
4,9,8,2,0.0,1,1,0,0,3,0.0,1,0,1,0,0,0,0,0,1,0,3,1,1,0,0.25,0.3333333333333333,0.375,0.7083333333333333,0.125,0.2857142857142857,,0.0,0.1111111111111111,0.1111111111111111,0.6666666666666666,0.3333333333333333,2.0,298.1111111111111,0.3333333333333333,0.2857142857142857,-2.5839293192508266,-0.12229999999999999,4,2,WC,9,7,1,2,2,0,0,S7,1700.0,False,CPR,CPR,14,-0.2255668795025251
9,18,16,7,5.0,2,1,0,4,20,5.0,2,0,5,0,0,2,0,0,0,2,0,2,0,0,0.4375,0.5,1.25,1.75,0.8125,0.42857142857142855,0.0,0.2222222222222222,0.2777777777777778,0.1111111111111111,0.5,0.5,1.0,198.7,0.4444444444444444,1.0,2.118596587879033,0.30129999999999996,2,2,HK,18,16,6,16,2,0,0,S7,1703.0,False,TRI,TRI,14,0.2775117636330185
3,12,9,2,4.0,2,0,0,0,2,1.0,2,0,4,0,2,0,0,1,0,1,0,2,1,0,0.2222222222222222,0.3333333333333333,0.2222222222222222,0.5555555555555556,0.0,0.3333333333333333,1.0,0.0,0.3333333333333333,0.16666666666666666,0.2,0.8,0.25,250.57142857142858,0.3333333333333333,0.2222222222222222,-0.7057209983830421,-0.004999999999999991,1,4,S,12,9,2,2,2,1,0,S7,1705.0,False,2TM,BBC,11,-0.026804029941560774
3,10,7,1,3.0,1,0,0,0,1,1.0,2,0,4,0,1,0,0,1,0,1,0,1,1,0,0.14285714285714285,0.3,0.14285714285714285,0.44285714285714284,0.0,0.25,1.0,0.0,0.4,0.2,0.25,0.75,0.3333333333333333,269.1818181818182,0.3,0.14285714285714285,-0.8998799968425446,-0.1293,1,3,S,10,7,1,1,2,1,0,S7,1705.0,True,BBC,BBC,11,-0.05351460810363493
1,2,2,1,1.0,1,0,0,0,1,0.0,0,0,0,0,1,0,0,0,0,0,0,1,0,0,0.5,0.5,0.5,1.0,0.0,0.5,1.0,0.0,0.0,0.0,0.0,1.0,0.0,182.33333333333334,0.5,0.5,0.19415899845950246,0.12430000000000001,0,1,S,2,2,1,1,0,0,0,S7,1705.0,True,FAP,FAP,8,0.02671057816207415
5,13,13,2,1.0,1,0,0,1,5,2.0,0,0,4,0,0,0,0,0,0,2,2,2,1,0,0.15384615384615385,0.15384615384615385,0.38461538461538464,0.5384615384615385,0.23076923076923078,0.125,,0.07692307692307693,0.3076923076923077,0.0,0.5714285714285714,0.42857142857142855,1.3333333333333333,289.2307692307692,0.15384615384615385,0.38461538461538464,-0.10924353089337291,-0.1491,4,3,HK,13,13,2,5,0,0,0,S7,1706.0,False,SSJ,SSJ,14,0.0364910559654681
4,11,10,3,1.0,3,0,0,0,3,1.0,1,0,1,0,0,0,0,0,0,1,3,1,1,0,0.3,0.36363636363636365,0.3,0.6636363636363636,0.0,0.3333333333333333,,0.0,0.09090909090909091,0.09090909090909091,0.6666666666666666,0.3333333333333333,2.0,251.8181818181818,0.36363636363636365,0.3,-0.3964400341405812,-0.09510000000000003,4,2,BC,11,10,3,3,1,0,0,S7,1710.0,False,BAC,BAC,7,0.0004767273246233661
7,17,15,2,1.0,0,2,0,0,4,0.0,2,0,1,1,0,0,0,0,2,4,4,2,2,0,0.13333333333333333,0.23529411764705882,0.26666666666666666,0.5019607843137255,0.13333333333333333,0.14285714285714285,,0.0,0.058823529411764705,0.11764705882352941,0.7142857142857143,0.2857142857142857,2.5,307.1875,0.23529411764705882,0.26666666666666666,-2.8169280366083913,-0.33690000000000003,10,4,1B,17,15,2,4,2,0,0,S7,1715.0,False,CPR,CPR,14,-0.21968803797378592
4,11,9,2,0.0,2,0,0,0,2,1.0,2,0,1,0,0,0,0,0,0,4,2,0,0,0,0.2222222222222222,0.36363636363636365,0.2222222222222222,0.5858585858585859,0.0,0.25,,0.0,0.09090909090909091,0.18181818181818182,1.0,0.0,,296.54545454545456,0.36363636363636365,0.2222222222222222,-0.18136282750718352,-0.03159999999999998,6,0,1B,11,9,2,2,2,0,0,S7,1717.0,False,STK,STK,12,0.021984447987963136
8,21,19,3,1.0,3,0,0,0,3,0.0,2,0,5,1,0,0,0,0,2,1,6,2,2,0,0.15789473684210525,0.23809523809523808,0.15789473684210525,0.39598997493734334,0.0,0.21428571428571427,,0.0,0.23809523809523808,0.09523809523809523,0.6923076923076923,0.3076923076923077,2.25,321.89473684210526,0.23809523809523808,0.15789473684210525,-4.912540246790041,-0.4230999999999999,9,4,1B,21,19,3,3,2,0,0,S7,1719.0,False,TRI,TRI,13,-0.414659902359703
4,8,7,2,0.0,2,0,0,0,2,0.0,1,0,0,0,0,0,0,0,0,0,0,3,2,0,0.2857142857142857,0.375,0.2857142857142857,0.6607142857142857,0.0,0.2857142857142857,,0.0,0.0,0.125,0.0,1.0,0.0,215.75,0.375,0.2857142857142857,-1.3424503650511463,-0.11510000000000002,0,5,WC,8,7,2,2,1,0,0,S7,1721.0,False,BBB,BBB,12,-0.105066323240619
2,4,4,2,2.0,0,0,1,1,7,4.0,0,0,0,0,0,0,0,0,0,0,1,1,0,0,0.5,0.5,1.75,2.25,1.25,0.3333333333333333,,0.25,0.0,0.0,0.5,0.5,1.0,177.25,0.5,1.75,3.2283542093302104,0.29469999999999996,1,1,BN,4,4,2,7,0,0,0,S7,1724.0,False,BAC,BAC,14,0.3374247775652689
9,17,12,5,3.0,2,1,1,1,11,4.0,4,0,3,0,2,2,0,1,0,1,1,2,1,0,0.4166666666666667,0.5294117647058824,0.9166666666666666,1.446078431372549,0.49999999999999994,0.4444444444444444,0.5,0.058823529411764705,0.17647058823529413,0.23529411764705882,0.3333333333333333,0.6666666666666666,0.5,207.0,0.5294117647058824,0.9166666666666666,2.223666365552807,0.2844,2,4,WC,17,12,5,11,4,1,0,S7,1725.0,False,SCG,SCG,14,0.2843714022423339
1,1,1,0,0.0,0,0,0,0,0,0.0,0,0,0,0,0,0,0,0,0,0,0,1,0,0,0.0,0.0,0.0,0.0,0.0,0.0,,0.0,0.0,0.0,0.0,1.0,0.0,175.0,0.0,0.0,-0.4423076923076923,-0.046799999999999994,0,1,BN,1,1,0,0,0,0,0,S7,1729.0,False,TBL,TBL,5,-0.040583430072707274
1,3,2,0,0.0,0,0,0,0,0,0.0,1,0,1,0,0,0,0,0,0,1,0,0,0,0,0.0,0.3333333333333333,0.0,0.3333333333333333,0.0,0.0,,0.0,0.3333333333333333,0.3333333333333333,1.0,0.0,,299.6666666666667,0.3333333333333333,0.0,-0.38834957363672157,-0.0877,1,0,BC,3,2,0,0,1,0,0,S7,1732.0,False,MMA,MMA,12,-0.027892939889486296
4,12,7,0,2.0,0,0,0,0,0,0.0,5,0,1,0,0,0,0,0,0,2,1,2,1,0,0.0,0.4166666666666667,0.0,0.4166666666666667,0.0,0.0,,0.0,0.08333333333333333,0.4166666666666667,0.5,0.5,1.0,252.91666666666666,0.3333333333333333,0.0,-0.24400425856374236,-0.003400000000000003,3,3,WC,12,8,0,0,4,0,0,S7,1733.0,False,SSC,SSC,13,0.019367644040369204
7,16,15,5,4.0,0,2,1,2,15,5.0,1,0,2,0,0,0,0,0,1,2,1,3,2,0,0.3333333333333333,0.375,1.0,1.375,0.6666666666666667,0.2727272727272727,,0.125,0.125,0.0625,0.4444444444444444,0.5555555555555556,0.8,211.875,0.375,1.0,2.5282250149112517,0.10069999999999996,4,5,EN,16,15,5,15,1,0,0,S7,1734.0,False,KNX,KNX,11,0.3111799280201164
1,3,3,0,0.0,0,0,0,0,0,0.0,0,0,2,1,0,0,0,0,0,0,0,1,0,0,0.0,0.0,0.0,0.0,0.0,0.0,,0.0,0.6666666666666666,0.0,0.0,1.0,0.0,273.0,0.0,0.0,-0.5666101330537097,-0.1488,0,1,WC,3,3,0,0,0,0,0,S7,1736.0,False,STK,STK,5,-0.045718995831185105
5,15,13,2,2.0,1,0,0,1,5,2.0,2,0,3,1,0,0,0,0,1,2,5,1,0,0,0.15384615384615385,0.26666666666666666,0.38461538461538464,0.6512820512820513,0.23076923076923078,0.1111111111111111,,0.06666666666666667,0.2,0.13333333333333333,0.8888888888888888,0.1111111111111111,8.0,318.64285714285717,0.26666666666666666,0.38461538461538464,-1.0844062598473398,-0.2667,8,1,BN,15,13,2,5,2,0,0,S7,1737.0,False,TRI,TRI,8,-0.05373053861380469
6,14,12,3,2.0,0,3,0,0,6,2.0,2,0,1,0,0,0,0,0,0,5,2,1,0,0,0.25,0.35714285714285715,0.5,0.8571428571428572,0.25,0.2727272727272727,,0.0,0.07142857142857142,0.14285714285714285,0.875,0.125,7.0,295.57142857142856,0.35714285714285715,0.4166666666666667,0.4762641645144545,-0.042200000000000015,7,1,BN,14,12,3,5,2,0,0,S7,1738.0,False,PBA,PBA,14,0.0986891646643128
3,7,7,0,0.0,0,0,0,0,0,1.0,0,0,4,0,0,0,0,0,0,0,1,2,0,0,0.0,0.0,0.0,0.0,0.0,0.0,,0.0,0.5714285714285714,0.0,0.3333333333333333,0.6666666666666666,0.5,323.57142857142856,0.0,0.0,-1.7355234565424151,-0.09920000000000001,1,2,BP,7,7,0,0,0,0,0,S7,1745.0,False,PBA,PBA,12,-0.14802097154780786
2,6,6,1,0.0,0,1,0,0,2,1.0,0,0,3,1,0,0,0,0,0,0,1,1,0,0,0.16666666666666666,0.16666666666666666,0.3333333333333333,0.5,0.16666666666666666,0.3333333333333333,,0.0,0.5,0.0,0.5,0.5,1.0,265.8,0.16666666666666666,0.3333333333333333,-0.9997880009872638,-0.2297,1,1,XB,6,6,1,2,0,0,0,S7,1748.0,False,2TM,BBB,8,-0.07809476515035466
1,3,3,0,0.0,0,0,0,0,0,0.0,0,0,1,0,0,0,0,0,0,0,1,1,0,0,0.0,0.0,0.0,0.0,0.0,0.0,,0.0,0.3333333333333333,0.0,0.5,0.5,1.0,316.0,0.0,0.0,-1.5763451701750935,-0.212,1,1,XB,3,3,0,0,0,0,0,S7,1748.0,True,PBA,PBA,3,-0.14669249954332347
1,3,3,1,0.0,0,1,0,0,2,1.0,0,0,2,1,0,0,0,0,0,0,0,0,0,0,0.3333333333333333,0.3333333333333333,0.6666666666666666,1.0,0.3333333333333333,1.0,,0.0,0.6666666666666666,0.0,,,,190.5,0.3333333333333333,0.6666666666666666,0.5765571691878296,-0.017700000000000004,0,0,XB,3,3,1,2,0,0,0,S7,1748.0,True,BBB,BBB,8,0.06859773439296882
5,14,13,4,3.0,1,2,1,0,8,1.0,1,0,2,0,0,0,0,0,0,0,1,2,4,0,0.3076923076923077,0.35714285714285715,0.6153846153846154,0.9725274725274726,0.3076923076923077,0.36363636363636365,,0.0,0.14285714285714285,0.07142857142857142,0.14285714285714285,0.8571428571428571,0.16666666666666666,252.42857142857142,0.35714285714285715,0.6153846153846154,0.3545580176390093,0.11309999999999998,1,6,S,14,13,4,8,1,0,0,S7,1756.0,False,PBA,PBA,13,0.08651854997676828
10,23,22,2,0.0,2,0,0,0,2,1.0,0,0,7,0,0,0,0,1,3,0,4,10,0,0,0.09090909090909091,0.08695652173913043,0.09090909090909091,0.17786561264822134,0.0,0.125,,0.0,0.30434782608695654,0.0,0.3888888888888889,0.6111111111111112,0.6363636363636364,288.39130434782606,0.08695652173913043,0.09090909090909091,-6.283079323430703,-0.6758999999999998,7,11,BC,23,22,2,2,0,1,0,S7,1759.0,False,WSW,WSW,14,-0.5444191317076454
5,14,13,2,2.0,0,1,1,0,5,1.0,0,0,2,0,0,0,0,1,0,0,3,6,1,0,0.15384615384615385,0.14285714285714285,0.38461538461538464,0.5274725274725275,0.23076923076923078,0.16666666666666666,,0.0,0.14285714285714285,0.0,0.2727272727272727,0.7272727272727273,0.375,260.07142857142856,0.14285714285714285,0.23076923076923078,-2.2870299767544826,-0.2282,3,8,BP,14,13,2,3,0,1,0,S7,1763.0,False,SSC,SSC,14,-0.17764024946258092
3,6,5,0,0.0,0,0,0,0,0,0.0,1,0,3,0,0,0,0,0,0,1,0,0,1,0,0.0,0.16666666666666666,0.0,0.16666666666666666,0.0,0.0,,0.0,0.5,0.16666666666666666,0.5,0.5,1.0,313.6666666666667,0.16666666666666666,0.0,-1.310508803188659,-0.09769999999999998,1,1,BC,6,5,0,0,1,0,0,S7,1764.0,False,SSC,SSC,9,-0.10916684537049418
2,5,3,0,2.0,0,0,0,0,0,0.0,2,0,1,0,0,0,0,0,0,0,0,1,1,0,0.0,0.4,0.0,0.4,0.0,0.0,,0.0,0.2,0.4,0.0,1.0,0.0,245.2,0.4,0.0,-0.7537770380812039,-0.044,0,2,WC,5,3,0,0,2,0,0,S7,1770.0,False,BBC,BBC,11,-0.05714100801781062
2,5,4,2,1.0,1,0,0,1,5,1.0,1,0,1,0,0,0,0,0,0,0,0,1,0,0,0.5,0.6,1.25,1.85,0.75,0.5,,0.2,0.2,0.2,0.0,1.0,0.0,160.0,0.6,1.25,0.4321405514532665,0.019100000000000006,0,1,BC,5,4,2,5,1,0,0,S7,1771.0,False,TRI,TRI,11,0.061450750935636414
1,1,1,0,0.0,0,0,0,0,0,0.0,0,0,1,1,0,0,0,0,0,0,0,0,0,0,0.0,0.0,0.0,0.0,0.0,,,0.0,1.0,0.0,,,,,0.0,0.0,-0.16943521594684385,-0.0199,0,0,MH,1,1,0,0,0,0,0,S7,1772.0,False,TBL,TBL,3,-0.013296182436622433
3,8,7,3,2.0,2,0,0,1,6,3.0,0,0,2,0,0,0,0,1,0,0,0,2,1,0,0.42857142857142855,0.375,0.8571428571428571,1.2321428571428572,0.42857142857142855,0.4,,0.125,0.25,0.0,0.0,1.0,0.0,219.0,0.375,0.8571428571428571,1.5644276433861064,0.7112999999999999,0,4,BC,8,7,3,6,0,1,0,S7,1773.0,False,BBC,BBC,10,0.18562147760310627
9,20,20,7,4.0,1,3,1,2,18,5.0,0,0,1,0,0,0,0,0,1,2,4,1,5,0,0.35,0.35,0.9,1.25,0.55,0.29411764705882354,,0.1,0.05,0.0,0.5384615384615384,0.46153846153846156,1.1666666666666667,267.55,0.35,0.85,3.442307278928748,0.6013999999999999,7,6,S,20,20,7,17,0,0,0,S7,1776.0,False,2TM,TBL,14,0.41717751105411394
8,15,15,4,3.0,1,1,1,1,10,2.0,0,0,1,0,0,0,0,0,1,1,4,0,5,0,0.26666666666666666,0.26666666666666666,0.6666666666666666,0.9333333333333333,0.39999999999999997,0.23076923076923078,,0.06666666666666667,0.06666666666666667,0.0,0.5454545454545454,0.45454545454545453,1.2,306.3333333333333,0.26666666666666666,0.6,0.7120058217595014,0.026500000000000037,6,5,S,15,15,4,9,0,0,0,S7,1776.0,True,TBL,TBL,14,0.12591066954687943
2,5,5,3,1.0,0,2,0,1,8,3.0,0,0,0,0,0,0,0,0,0,1,0,1,0,0,0.6,0.6,1.6,2.2,1.0,0.5,,0.2,0.0,0.0,0.5,0.5,1.0,151.2,0.6,1.6,2.7303014571692477,0.5749,1,1,S,5,5,3,8,0,0,0,S7,1776.0,True,FAP,FAP,6,0.29126684150723453
2,3,3,1,1.0,0,0,0,1,4,2.0,0,0,0,0,0,0,0,0,0,0,1,0,1,0,0.3333333333333333,0.3333333333333333,1.3333333333333333,1.6666666666666665,1.0,0.0,,0.3333333333333333,0.0,0.0,0.5,0.5,1.0,309.6666666666667,0.3333333333333333,1.3333333333333333,1.0690106229190148,0.19760000000000003,1,1,XB,3,3,1,4,0,0,0,S7,1777.0,False,2TM,SSJ,4,0.11784307976608735
1,1,1,0,0.0,0,0,0,0,0,0.0,0,0,0,0,0,0,0,0,0,0,1,0,0,0,0.0,0.0,0.0,0.0,0.0,0.0,,0.0,0.0,0.0,1.0,0.0,,499.0,0.0,0.0,-0.24716372346261167,-0.0204,1,0,XB,1,1,0,0,0,0,0,S7,1777.0,True,FAP,FAP,3,-0.021069033188199214
1,2,2,1,1.0,0,0,0,1,4,2.0,0,0,0,0,0,0,0,0,0,0,0,0,1,0,0.5,0.5,2.0,2.5,1.5,0.0,,0.5,0.0,0.0,0.0,1.0,0.0,215.0,0.5,2.0,1.3161743463816264,0.21800000000000003,0,1,XB,2,2,1,4,0,0,0,S7,1777.0,True,SSJ,SSJ,4,0.13891211295428657
5,13,12,3,3.0,0,1,0,2,10,3.0,0,0,4,1,0,0,0,1,1,1,2,3,0,0,0.25,0.23076923076923078,0.8333333333333334,1.064102564102564,0.5833333333333334,0.14285714285714285,,0.15384615384615385,0.3076923076923077,0.0,0.5,0.5,1.0,247.41666666666666,0.23076923076923078,0.8333333333333334,-0.3717377672256516,0.48080000000000006,4,4,BP,13,12,3,10,0,1,0,S7,1778.0,False,WSW,WSW,8,0.01024163233224023
2,4,3,1,0.0,0,1,0,0,2,1.0,1,0,1,0,0,0,0,0,1,0,1,0,0,0,0.3333333333333333,0.5,0.6666666666666666,1.1666666666666665,0.3333333333333333,0.5,,0.0,0.25,0.25,1.0,0.0,,239.25,0.25,0.5,-0.29057023573790075,0.0922,2,0,BC,4,4,1,2,0,0,0,S7,1779.0,False,BBB,BBB,6,-0.014467666941542261
2,5,4,2,2.0,2,0,0,0,2,0.0,1,0,1,0,0,0,0,0,0,0,0,1,0,0,0.5,0.6,0.5,1.1,0.0,0.6666666666666666,,0.0,0.2,0.2,0.0,1.0,0.0,182.8,0.6,0.5,0.7207374243675928,0.1031,0,1,BC,5,4,2,2,1,0,0,S7,1788.0,False,WSW,WSW,7,0.09031043822706905
4,10,10,3,1.0,1,1,0,1,7,1.0,0,0,1,0,1,0,0,0,0,4,1,0,1,0,0.3,0.3,0.7,1.0,0.39999999999999997,0.25,1.0,0.1,0.1,0.0,0.8333333333333334,0.16666666666666666,5.0,288.6363636363636,0.3,0.6666666666666666,0.005043114578320795,-0.15220000000000006,5,1,BC,10,9,2,6,1,0,0,S7,1792.0,False,BBC,BBC,13,0.03697770303845161
2,6,5,2,1.0,0,1,0,1,6,3.0,1,0,0,0,0,0,0,0,0,0,1,0,2,0,0.4,0.5,1.2,1.7,0.7999999999999999,0.25,,0.16666666666666666,0.0,0.16666666666666666,0.3333333333333333,0.6666666666666666,0.5,228.83333333333334,0.5,1.2,2.4240631367113727,0.07440000000000001,1,2,SF,6,5,2,6,1,0,0,S7,1797.0,False,BAC,BAC,7,0.264290348619509
7,21,19,7,3.0,0,3,2,2,20,4.0,2,0,5,1,0,0,0,0,0,2,0,2,3,0,0.3684210526315789,0.42857142857142855,1.0526315789473684,1.481203007518797,0.6842105263157894,0.4166666666666667,,0.09523809523809523,0.23809523809523808,0.09523809523809523,0.2857142857142857,0.7142857142857143,0.4,212.85,0.38095238095238093,1.0,4.693646613113563,0.22260000000000005,2,5,S,21,20,7,20,1,0,0,S7,1798.0,False,RRR,RRR,14,0.5459587836306573
9,18,18,2,2.0,0,0,0,2,8,2.0,0,0,6,0,0,0,0,0,0,0,4,4,2,0,0.1111111111111111,0.1111111111111111,0.4444444444444444,0.5555555555555556,0.3333333333333333,0.0,,0.1111111111111111,0.3333333333333333,0.0,0.4,0.6,0.6666666666666666,282.55555555555554,0.1111111111111111,0.4444444444444444,-1.6766855632835638,-0.19200000000000003,4,6,XB,18,18,2,8,0,0,0,S7,1799.0,False,MMA,MMA,12,-0.1020164514832412
3,8,7,1,1.0,0,0,0,1,4,1.0,1,0,3,0,0,0,0,0,1,0,2,0,1,0,0.14285714285714285,0.25,0.5714285714285714,0.8214285714285714,0.42857142857142855,0.0,,0.125,0.375,0.125,0.75,0.25,3.0,316.5,0.25,0.5714285714285714,-1.1520265276206754,-0.022400000000000003,3,1,BN,8,7,1,4,1,0,0,S7,1801.0,False,STK,STK,10,-0.08602393949757191
11,32,27,10,6.0,7,1,1,1,16,6.0,4,0,3,0,0,0,0,1,0,4,0,10,1,0,0.37037037037037035,0.4375,0.5925925925925926,1.0300925925925926,0.2222222222222222,0.375,,0.03125,0.09375,0.125,0.25,0.75,0.3333333333333333,216.9375,0.40625,0.5357142857142857,2.3580736157979936,0.4725999999999999,4,12,SM,32,28,9,15,4,0,0,S7,1810.0,False,RRR,RRR,14,0.3525222146377819
4,7,7,1,1.0,0,0,0,1,4,1.0,0,0,3,0,0,0,0,0,0,0,0,2,1,0,0.14285714285714285,0.14285714285714285,0.5714285714285714,0.7142857142857142,0.42857142857142855,0.0,,0.14285714285714285,0.42857142857142855,0.0,0.0,1.0,0.0,258.7142857142857,0.14285714285714285,0.5714285714285714,-0.41880929891973145,-0.11969999999999997,0,3,BN,7,7,1,4,0,0,0,S7,1811.0,False,TBL,TBL,13,-0.016349555785539472
2,5,3,2,2.0,0,1,0,1,6,3.0,2,0,0,0,0,0,0,0,0,0,0,1,0,0,0.6666666666666666,0.8,2.0,2.8,1.3333333333333335,0.5,,0.2,0.0,0.4,0.0,1.0,0.0,120.2,0.8,2.0,2.6038830853792154,0.10830000000000001,0,1,WC,5,3,2,6,2,0,0,S7,1813.0,False,BAC,BAC,6,0.27862500432823134
2,5,5,0,0.0,0,0,0,0,0,0.0,0,0,5,1,0,0,0,0,0,0,0,0,0,0,0.0,0.0,0.0,0.0,0.0,,,0.0,1.0,0.0,,,,347.5,0.0,0.0,-1.9743675596780759,-0.16809999999999997,0,0,BP,5,5,0,0,0,0,0,S7,1814.0,False,RRR,RRR,14,-0.17920006017749782
3,6,6,0,0.0,0,0,0,0,0,0.0,0,0,4,2,0,0,0,0,0,0,0,2,0,0,0.0,0.0,0.0,0.0,0.0,0.0,,0.0,0.6666666666666666,0.0,0.0,1.0,0.0,255.25,0.0,0.0,-1.9638914099042375,-0.25630000000000003,0,2,BP,6,6,0,0,0,0,0,S7,1817.0,False,FAP,FAP,3,-0.17450510604205202
10,25,21,4,3.0,1,1,0,2,11,4.0,4,0,10,0,0,0,0,0,1,2,0,3,2,0,0.19047619047619047,0.32,0.5238095238095238,0.8438095238095238,0.33333333333333337,0.2222222222222222,,0.08,0.4,0.16,0.375,0.625,0.6,239.84,0.36,0.55,-0.02429596073419038,0.27679999999999993,3,5,TT,25,20,4,11,5,0,0,S7,1824.0,False,BAC,BAC,14,0.0887538828781298
5,14,13,3,1.0,0,1,1,1,9,2.0,1,0,4,0,0,0,0,0,1,0,2,2,2,0,0.23076923076923078,0.2857142857142857,0.6923076923076923,0.978021978021978,0.4615384615384615,0.25,,0.07142857142857142,0.2857142857142857,0.07142857142857142,0.42857142857142855,0.5714285714285714,0.75,232.57142857142858,0.2857142857142857,0.6923076923076923,-1.6997363557580019,-0.28300000000000003,3,4,XB,14,13,3,9,1,0,0,S7,1826.0,False,PBA,PBA,12,-0.11891088736293284
1,1,0,0,0.0,0,0,0,0,0,1.0,1,0,0,0,0,0,0,0,0,0,0,0,0,0,,1.0,,,,,,0.0,0.0,1.0,,,,,1.0,,1.0,0.15689999999999998,0,0,HK,1,0,0,,1,0,0,S7,1830.0,False,SSC,SSC,9,0.10364733915806194
2,6,5,3,1.0,1,1,0,1,7,1.0,1,0,0,0,0,0,0,0,0,0,0,2,0,0,0.6,0.6666666666666666,1.4,2.0666666666666664,0.7999999999999999,0.5,,0.16666666666666666,0.0,0.16666666666666666,0.0,1.0,0.0,126.0,0.6666666666666666,1.4,1.4465887346428776,0.15300000000000002,0,2,BN,6,5,3,7,1,0,0,S7,1832.0,False,STK,STK,7,0.16654290841265948
10,28,22,9,4.0,3,4,0,2,19,5.0,5,0,6,0,0,0,0,1,0,2,0,3,3,0,0.4090909090909091,0.5,0.8636363636363636,1.3636363636363638,0.45454545454545453,0.4666666666666667,,0.07142857142857142,0.21428571428571427,0.17857142857142858,0.2222222222222222,0.7777777777777778,0.2857142857142857,204.67857142857142,0.4642857142857143,0.8181818181818182,2.3627168595185775,0.06330000000000006,2,7,WC,28,22,8,18,5,1,0,S7,1838.0,False,2TM,SSJ,13,0.3383971823775925
9,26,20,9,4.0,3,4,0,2,19,5.0,5,0,5,0,0,0,0,1,0,2,0,3,2,0,0.45,0.5384615384615384,0.95,1.4884615384615385,0.49999999999999994,0.5,,0.07692307692307693,0.19230769230769232,0.19230769230769232,0.25,0.75,0.3333333333333333,192.53846153846155,0.5,0.9,3.1950698006950478,0.22850000000000006,2,6,WC,26,20,8,18,5,1,0,S7,1838.0,True,MMA,MMA,10,0.4143377981791156
1,2,2,0,0.0,0,0,0,0,0,0.0,0,0,1,0,0,0,0,0,0,0,0,0,1,0,0.0,0.0,0.0,0.0,0.0,0.0,,0.0,0.5,0.0,0.0,1.0,0.0,362.5,0.0,0.0,-0.8323529411764705,-0.1652,0,1,WC,2,2,0,0,0,0,0,S7,1838.0,True,SSJ,SSJ,13,-0.07594061580152314
2,5,5,2,0.0,1,1,0,0,3,0.0,0,0,0,0,0,0,0,0,0,1,0,1,1,0,0.4,0.4,0.6,1.0,0.19999999999999996,0.4,,0.0,0.0,0.0,0.3333333333333333,0.6666666666666666,0.5,228.0,0.4,0.6,-0.3247150286620516,-0.011799999999999998,1,2,BN,5,5,2,3,0,0,0,S7,1839.0,False,BBC,BBC,4,-0.014234807075895394
2,6,6,1,0.0,1,0,0,0,1,0.0,0,0,1,0,0,0,0,0,0,1,0,0,3,0,0.16666666666666666,0.16666666666666666,0.16666666666666666,0.3333333333333333,0.0,0.2,,0.0,0.16666666666666666,0.0,0.25,0.75,0.3333333333333333,321.1666666666667,0.16666666666666666,0.16666666666666666,-1.134296634908042,-0.14400000000000002,1,3,S,6,6,1,1,0,0,0,S7,1842.0,False,BAC,BAC,10,-0.09154562854243246
6,13,12,2,1.0,0,1,0,1,6,3.0,1,0,3,0,0,0,0,0,1,1,1,5,0,0,0.16666666666666666,0.23076923076923078,0.5,0.7307692307692308,0.33333333333333337,0.125,,0.07692307692307693,0.23076923076923078,0.07692307692307693,0.375,0.625,0.6,242.07692307692307,0.23076923076923078,0.5,0.32433653832761267,-0.1862,3,5,BP,13,12,2,6,1,0,0,S7,1844.0,False,MMA,MMA,14,0.07984906288756666
6,13,13,0,0.0,0,0,0,0,0,0.0,0,0,3,1,0,0,0,0,0,3,1,4,2,0,0.0,0.0,0.0,0.0,0.0,0.0,,0.0,0.23076923076923078,0.0,0.4,0.6,0.6666666666666666,344.75,0.0,0.0,-2.885437471722489,-0.32280000000000003,4,6,BP,13,13,0,0,0,0,0,S7,1942.0,False,MMA,MMA,13,-0.24112833811744352
1,2,2,0,0.0,0,0,0,0,0,0.0,0,0,1,0,0,0,0,0,0,0,0,1,0,0,0.0,0.0,0.0,0.0,0.0,0.0,,0.0,0.5,0.0,0.0,1.0,0.0,306.0,0.0,0.0,-0.42940383810889693,-0.0582,0,1,S,2,2,0,0,0,0,0,S7,1943.0,False,SSJ,SSJ,11,-0.03564570549476579
11,25,24,4,4.0,1,0,1,2,12,3.0,1,1,12,3,0,0,0,0,1,1,2,5,0,0,0.16666666666666666,0.2,0.5,0.7,0.33333333333333337,0.2,,0.08,0.48,0.04,0.4444444444444444,0.5555555555555556,0.8,248.66666666666666,0.2,0.4583333333333333,-2.441817545438554,-0.17219999999999996,4,5,BP,25,24,4,11,1,0,0,S7,1946.0,False,WSW,WSW,14,-0.15299827559230655
1,3,3,1,0.0,1,0,0,0,1,1.0,0,0,0,0,0,0,0,0,0,0,1,1,0,0,0.3333333333333333,0.3333333333333333,0.3333333333333333,0.6666666666666666,0.0,0.3333333333333333,,0.0,0.0,0.0,0.5,0.5,1.0,268.6666666666667,0.3333333333333333,0.3333333333333333,-0.018008753889152684,0.020600000000000007,1,1,BC,3,3,1,1,0,0,0,S7,1949.0,False,TBL,TBL,8,0.00914114208527059
3,7,7,2,0.0,1,1,0,0,3,0.0,0,0,1,0,0,0,0,0,0,0,1,2,1,0,0.2857142857142857,0.2857142857142857,0.42857142857142855,0.7142857142857142,0.14285714285714285,0.3333333333333333,,0.0,0.14285714285714285,0.0,0.25,0.75,0.3333333333333333,244.0,0.2857142857142857,0.42857142857142855,-0.3540758645364927,-0.02479999999999999,1,3,XB,7,7,2,3,0,0,0,S7,1951.0,False,WSW,WSW,6,-0.009876212347215595
4,9,9,2,1.0,0,2,0,0,4,2.0,0,0,5,3,0,0,0,0,0,1,0,1,0,0,0.2222222222222222,0.2222222222222222,0.4444444444444444,0.6666666666666666,0.2222222222222222,0.5,,0.0,0.5555555555555556,0.0,0.5,0.5,1.0,232.5,0.2222222222222222,0.4444444444444444,1.3063754050342915,0.11869999999999999,1,1,HK,9,9,2,4,0,0,0,S7,1956.0,False,PBA,PBA,10,0.16346359292598672
5,13,13,2,2.0,0,0,0,2,8,4.0,0,0,7,3,0,0,0,0,0,0,2,2,0,0,0.15384615384615385,0.15384615384615385,0.6153846153846154,0.7692307692307693,0.46153846153846156,0.0,,0.15384615384615385,0.5384615384615384,0.0,0.5,0.5,1.0,267.4,0.15384615384615385,0.6153846153846154,0.553933415661554,0.10699999999999996,2,2,BP,13,13,2,8,0,0,0,S7,1960.0,False,TRI,TRI,13,0.10280875062096077
1,1,1,0,0.0,0,0,0,0,0,0.0,0,0,1,1,0,0,0,0,0,0,0,0,0,0,0.0,0.0,0.0,0.0,0.0,,,0.0,1.0,0.0,,,,,0.0,0.0,-0.24716372346261167,-0.034300000000000004,0,0,S,1,1,0,0,0,0,0,S7,1961.0,False,WSW,WSW,2,-0.021069033188199214
3,8,8,2,1.0,1,0,0,1,5,3.0,0,0,0,0,0,0,0,0,0,0,3,3,0,0,0.25,0.25,0.625,0.875,0.375,0.14285714285714285,,0.125,0.0,0.0,0.5,0.5,1.0,274.0,0.25,0.625,1.166358686640487,-0.1402,3,3,EN,8,8,2,5,0,0,0,S7,1962.0,False,BBC,BBC,14,0.1458145819285443
2,5,3,0,2.0,0,0,0,0,0,0.0,2,0,1,0,0,0,0,0,0,0,0,2,0,0,0.0,0.4,0.0,0.4,0.0,0.0,,0.0,0.2,0.4,0.0,1.0,0.0,196.4,0.4,0.0,-0.5083134429117272,-0.0525,0,2,1B,5,3,0,0,2,0,0,S7,2055.0,False,PBA,PBA,14,-0.03259464850086295
5,12,11,5,2.0,3,1,0,1,9,1.0,1,0,2,0,0,1,0,0,0,2,0,1,1,0,0.45454545454545453,0.5,0.8181818181818182,1.3181818181818183,0.3636363636363637,0.5,0.0,0.08333333333333333,0.16666666666666666,0.08333333333333333,0.5,0.5,1.0,225.0,0.5,0.8181818181818182,0.6266518991347787,-0.04980000000000002,2,2,SF,12,11,5,9,1,0,0,S7,2206.0,False,2TM,BAC,14,0.10643325981022131
1,2,1,1,0.0,1,0,0,0,1,0.0,1,0,0,0,0,1,0,0,0,0,0,0,0,0,1.0,1.0,1.0,2.0,0.0,1.0,0.0,0.0,0.0,0.5,,,,242.66666666666666,1.0,1.0,-0.09553397203597469,0.0040999999999999995,0,0,SF,2,1,1,1,1,0,0,S7,2206.0,True,FAP,FAP,3,-0.0022587188874735624
4,10,10,4,2.0,2,1,0,1,8,1.0,0,0,2,0,0,0,0,0,0,2,0,1,1,0,0.4,0.4,0.8,1.2000000000000002,0.4,0.42857142857142855,,0.1,0.2,0.0,0.5,0.5,1.0,219.7,0.4,0.8,0.7221858711707534,-0.053899999999999997,2,2,SF,10,10,4,8,0,0,0,S7,2206.0,True,BAC,BAC,14,0.10869197869769487
8,21,17,7,1.0,5,2,0,0,9,3.0,4,0,5,0,0,0,0,0,1,3,0,1,1,0,0.4117647058823529,0.5238095238095238,0.5294117647058824,1.0532212885154062,0.11764705882352944,0.5833333333333334,,0.0,0.23809523809523808,0.19047619047619047,0.6666666666666666,0.3333333333333333,2.0,214.0,0.5238095238095238,0.5294117647058824,1.9914337193924279,0.4338000000000001,4,2,1B,21,17,7,9,4,0,0,S7,2207.0,False,WSW,WSW,14,0.2757374942585438
1,3,3,1,0.0,0,1,0,0,2,1.0,0,0,2,1,0,0,0,0,0,0,0,0,0,0,0.3333333333333333,0.3333333333333333,0.6666666666666666,1.0,0.3333333333333333,1.0,,0.0,0.6666666666666666,0.0,,,,129.0,0.3333333333333333,0.6666666666666666,0.3872507226120312,0.09009999999999999,0,0,XB,3,3,1,2,0,0,0,S7,2213.0,False,SCG,SCG,7,0.04966708973538898
2,5,4,0,0.0,0,0,0,0,0,0.0,1,0,1,0,0,0,0,0,0,0,1,1,1,0,0.0,0.2,0.0,0.2,0.0,0.0,,0.0,0.2,0.2,0.3333333333333333,0.6666666666666666,0.5,309.6,0.2,0.0,-0.7014619041436432,-0.06390000000000001,1,2,BN,5,4,0,0,1,0,0,S7,2215.0,False,STK,STK,9,-0.05190949462405455
10,23,21,5,4.0,2,0,0,3,14,5.0,2,0,6,0,0,0,0,0,1,0,4,3,3,0,0.23809523809523808,0.30434782608695654,0.6666666666666666,0.9710144927536232,0.42857142857142855,0.16666666666666666,,0.13043478260869565,0.2608695652173913,0.08695652173913043,0.45454545454545453,0.5454545454545454,0.8333333333333334,261.69565217391306,0.2608695652173913,0.6363636363636364,0.9944229156549294,0.35969999999999996,5,6,BP,23,22,5,14,1,0,0,S7,2220.0,False,TBL,TBL,14,0.18333109220091787
9,21,19,4,1.0,2,1,0,1,8,1.0,2,0,6,2,0,0,0,0,0,1,3,3,2,0,0.21052631578947367,0.2857142857142857,0.42105263157894735,0.706766917293233,0.21052631578947367,0.25,,0.047619047619047616,0.2857142857142857,0.09523809523809523,0.4444444444444444,0.5555555555555556,0.8,264.42105263157896,0.23809523809523808,0.3684210526315789,-3.2130771729705527,-0.31770000000000004,4,5,BP,21,19,3,7,2,0,0,S7,2221.0,False,CPR,CPR,14,-0.24471359497775427
4,8,7,1,0.0,1,0,0,0,1,1.0,0,0,2,0,0,0,0,1,0,1,1,1,2,0,0.14285714285714285,0.125,0.14285714285714285,0.26785714285714285,0.0,0.16666666666666666,,0.0,0.25,0.0,0.3333333333333333,0.6666666666666666,0.5,292.125,0.125,0.14285714285714285,-1.218854292041358,-0.1326,2,4,XB,8,7,1,1,0,1,0,S7,2224.0,False,TBL,TBL,14,-0.09270671593964018
2,5,5,1,0.0,1,0,0,0,1,1.0,0,0,2,0,0,0,0,0,0,0,1,1,0,0,0.2,0.2,0.2,0.4,0.0,0.3333333333333333,,0.0,0.4,0.0,0.5,0.5,1.0,256.0,0.2,0.2,-0.2698598089746729,-0.11309999999999999,1,1,SF,5,5,1,1,0,0,0,S7,2225.0,False,TBL,TBL,14,-0.008749285107157523
1,3,2,1,1.0,0,1,0,0,2,0.0,1,0,0,0,0,0,0,0,0,0,0,1,0,0,0.5,0.6666666666666666,1.0,1.6666666666666665,0.5,0.5,,0.0,0.0,0.3333333333333333,0.0,1.0,0.0,132.33333333333334,0.6666666666666666,0.5,0.6032190518902802,0.03250000000000001,0,1,TT,3,2,1,1,1,0,0,S7,2229.0,False,TRI,TRI,8,0.07126392266321388
4,10,10,1,0.0,1,0,0,0,1,0.0,0,0,3,0,0,0,0,0,0,1,0,3,2,0,0.1,0.1,0.1,0.2,0.0,0.14285714285714285,,0.0,0.3,0.0,0.16666666666666666,0.8333333333333334,0.2,276.8,0.1,0.1,-1.864676092330407,-0.1324,1,5,BP,10,10,1,1,0,0,0,S7,2230.0,False,CPR,CPR,8,-0.14999421765242119
1,2,2,1,0.0,1,0,0,0,1,0.0,0,0,1,1,0,0,0,0,0,0,0,0,0,0,0.5,0.5,0.5,1.0,0.0,1.0,,0.0,0.5,0.0,,,,107.0,0.5,0.5,0.06701192104748876,0.0083,0,0,MH,2,2,1,1,0,0,0,S7,2232.0,False,MMA,MMA,8,0.013995870420872783
4,7,7,2,2.0,0,0,1,1,7,1.0,0,0,5,1,0,0,0,0,0,0,0,0,0,0,0.2857142857142857,0.2857142857142857,1.0,1.2857142857142856,0.7142857142857143,1.0,,0.14285714285714285,0.7142857142857143,0.0,,,,170.66666666666666,0.2857142857142857,1.0,1.0690577896348383,0.06399999999999999,0,0,XB,7,7,2,7,0,0,0,S7,2240.0,False,SCG,SCG,13,0.1324371530699175
5,11,11,2,1.0,1,1,0,0,3,0.0,0,0,5,0,0,0,0,0,0,0,2,0,2,0,0.18181818181818182,0.18181818181818182,0.2727272727272727,0.45454545454545453,0.09090909090909088,0.3333333333333333,,0.0,0.45454545454545453,0.0,0.5,0.5,1.0,262.54545454545456,0.18181818181818182,0.2727272727272727,-0.7557613160173389,-0.11420000000000005,2,2,XB,11,11,2,3,0,0,0,S7,2242.0,False,TBL,TBL,13,-0.0354554008630524
13,28,28,7,6.0,0,2,3,2,21,3.0,0,0,6,1,0,0,0,0,0,3,3,5,4,0,0.25,0.25,0.75,1.0,0.5,0.25,,0.07142857142857142,0.21428571428571427,0.0,0.4,0.6,0.6666666666666666,255.59259259259258,0.25,0.75,-1.30859511783258,-0.2952999999999999,6,9,S,28,28,7,21,0,0,0,S7,2243.0,False,KNX,KNX,14,-0.02873401535752331
5,13,12,0,0.0,0,0,0,0,0,0.0,1,0,5,0,0,0,0,0,0,0,0,6,1,0,0.0,0.07692307692307693,0.0,0.07692307692307693,0.0,0.0,,0.0,0.38461538461538464,0.07692307692307693,0.0,1.0,0.0,244.76923076923077,0.07692307692307693,0.0,-3.6663603160680873,-0.24239999999999998,0,7,BP,13,12,0,0,1,0,0,S7,2245.0,False,BAC,BAC,14,-0.31922062255200334
2,6,5,0,0.0,0,0,0,0,0,0.0,1,0,2,0,0,0,0,0,0,1,1,1,0,0,0.0,0.16666666666666666,0.0,0.16666666666666666,0.0,0.0,,0.0,0.3333333333333333,0.16666666666666666,0.6666666666666666,0.3333333333333333,2.0,322.3333333333333,0.0,0.0,-0.8400949967534871,-0.1212,2,1,BN,6,6,0,0,0,0,0,S7,2251.0,False,CPR,CPR,6,-0.062125464726976984
7,17,16,8,3.0,4,3,0,1,14,6.0,0,0,3,0,0,0,0,1,0,2,0,3,1,0,0.5,0.47058823529411764,0.875,1.3455882352941178,0.375,0.5384615384615384,,0.058823529411764705,0.17647058823529413,0.0,0.2857142857142857,0.7142857142857143,0.4,193.8235294117647,0.47058823529411764,0.8235294117647058,6.527124085217533,0.23440000000000003,2,5,BC,17,17,8,14,0,0,0,S7,2252.0,False,SSC,SSC,14,0.7147171742088065
3,8,7,2,1.0,1,1,0,0,3,0.0,1,0,1,0,0,0,0,0,1,1,0,3,0,0,0.2857142857142857,0.375,0.42857142857142855,0.8035714285714286,0.14285714285714285,0.3333333333333333,,0.0,0.125,0.125,0.4,0.6,0.6666666666666666,211.5,0.25,0.375,-1.1291367595086617,-0.1241,2,3,BC,8,8,2,3,0,0,0,S7,2253.0,False,SSC,SSC,7,-0.08373496268637054
3,5,5,2,2.0,1,1,0,0,3,2.0,0,0,1,0,0,0,0,0,0,1,0,0,1,0,0.4,0.4,0.6,1.0,0.19999999999999996,0.5,,0.0,0.2,0.0,0.5,0.5,1.0,217.4,0.4,0.6,1.466635238145457,0.0751,1,1,1B,5,5,2,3,0,0,0,S7,2256.0,False,TBL,TBL,7,0.16490021960485546
14,43,38,9,6.0,4,2,1,2,19,5.0,5,0,14,0,0,0,0,0,1,5,1,4,5,0,0.23684210526315788,0.32558139534883723,0.5,0.8255813953488372,0.26315789473684215,0.3181818181818182,,0.046511627906976744,0.32558139534883723,0.11627906976744186,0.4375,0.5625,0.7777777777777778,245.6046511627907,0.32558139534883723,0.4473684210526316,0.394554879740309,0.09380000000000009,7,9,HK,43,38,9,17,5,0,0,S7,2258.0,False,TBL,TBL,14,0.19629107177069488
9,18,17,7,6.0,2,3,0,2,16,2.0,1,0,3,0,0,0,0,0,0,1,0,4,2,0,0.4117647058823529,0.4444444444444444,0.9411764705882353,1.3856209150326797,0.5294117647058824,0.4166666666666667,,0.1111111111111111,0.16666666666666666,0.05555555555555555,0.14285714285714285,0.8571428571428571,0.16666666666666666,204.44444444444446,0.3888888888888889,0.8235294117647058,1.631074124423256,0.29169999999999996,1,6,BP,18,17,6,14,1,0,0,S7,2260.0,False,SSJ,SSJ,14,0.22875951728744076
2,4,4,2,0.0,1,1,0,0,3,1.0,0,0,0,0,0,0,0,0,0,2,0,0,0,0,0.5,0.5,0.75,1.25,0.25,0.5,,0.0,0.0,0.0,1.0,0.0,,243.25,0.5,0.75,0.9084850516862758,0.0983,2,0,SM,4,4,2,3,0,0,0,S7,2261.0,False,MMA,MMA,13,0.1054378618008754
5,14,13,3,3.0,3,0,0,0,3,0.0,1,1,3,0,0,0,0,0,1,1,4,0,2,0,0.23076923076923078,0.2857142857142857,0.23076923076923078,0.5164835164835164,0.0,0.3,,0.0,0.21428571428571427,0.07142857142857142,0.75,0.25,3.0,324.15384615384613,0.2857142857142857,0.16666666666666666,-1.625167130278442,-0.1683,6,2,SF,14,12,2,2,2,0,0,S7,2262.0,False,SSC,SSC,12,-0.11145396481497687
12,28,26,4,2.0,2,1,0,1,8,2.0,1,0,5,0,0,0,0,1,2,6,5,6,1,0,0.15384615384615385,0.17857142857142858,0.3076923076923077,0.4862637362637363,0.15384615384615385,0.14285714285714285,,0.03571428571428571,0.17857142857142858,0.03571428571428571,0.6190476190476191,0.38095238095238093,1.625,310.07142857142856,0.17857142857142858,0.2692307692307692,-4.0026159084553266,-0.4962,13,8,BC,28,26,4,7,1,1,0,S7,2275.0,False,MMA,MMA,14,-0.298136094419798
2,6,5,1,0.0,1,0,0,0,1,0.0,1,0,0,0,0,0,0,0,0,0,3,1,0,0,0.2,0.3333333333333333,0.2,0.5333333333333333,0.0,0.2,,0.0,0.0,0.16666666666666666,0.75,0.25,3.0,303.0,0.3333333333333333,0.2,-0.5496852880271055,-0.1481,3,1,P,6,5,1,1,1,0,0,S7,2276.0,False,PBA,PBA,12,-0.03308449385433883
4,10,10,4,2.0,1,2,1,0,8,0.0,0,0,0,0,0,0,0,0,0,0,1,4,1,0,0.4,0.4,0.8,1.2000000000000002,0.4,0.4,,0.0,0.0,0.0,0.16666666666666666,0.8333333333333334,0.2,195.2,0.4,0.8,1.0721442436494424,0.14670000000000002,1,5,S,10,10,4,8,0,0,0,S7,2277.0,False,CPR,CPR,12,0.14368781594556376
6,16,10,1,1.0,1,0,0,0,1,3.0,5,0,3,0,0,0,0,1,1,1,1,4,1,0,0.1,0.375,0.1,0.475,0.0,0.125,,0.0,0.1875,0.3125,0.3333333333333333,0.6666666666666666,0.5,245.0,0.375,0.1,-0.9415598889141782,-0.1788,3,6,1B,16,10,1,1,5,1,0,S7,2281.0,False,WSW,WSW,14,-0.03579856236242657
3,9,8,3,2.0,2,0,0,1,6,2.0,1,0,0,0,0,0,0,0,1,2,2,1,0,0,0.375,0.4444444444444444,0.75,1.1944444444444444,0.375,0.2857142857142857,,0.1111111111111111,0.0,0.1111111111111111,0.8333333333333334,0.16666666666666666,5.0,250.77777777777777,0.4444444444444444,0.75,0.20798876606415756,0.05049999999999999,5,1,BP,9,8,3,6,1,0,0,S7,2282.0,False,PBA,PBA,13,0.05362492902897333
4,9,9,0,0.0,0,0,0,0,0,0.0,0,0,3,1,0,0,0,0,0,0,2,2,2,0,0.0,0.0,0.0,0.0,0.0,0.0,,0.0,0.3333333333333333,0.0,0.3333333333333333,0.6666666666666666,0.5,320.5,0.0,0.0,-2.1290234530849586,-0.217,2,4,XB,9,9,0,0,0,0,0,S7,2285.0,False,KNX,KNX,8,-0.18007629288593827
2,5,5,4,1.0,2,1,0,1,8,1.0,0,0,0,0,0,0,0,0,0,1,0,0,0,0,0.8,0.8,1.6,2.4000000000000004,0.8,0.75,,0.2,0.0,0.0,1.0,0.0,,130.4,0.8,1.6,1.2792839007930694,0.1624,1,0,SF,5,5,4,8,0,0,0,S7,2291.0,False,RRR,RRR,12,0.1461650858696167
8,19,17,6,1.0,3,2,1,0,10,2.0,2,0,4,2,0,0,0,0,0,0,1,6,0,0,0.35294117647058826,0.42105263157894735,0.5882352941176471,1.0092879256965945,0.23529411764705882,0.46153846153846156,,0.0,0.21052631578947367,0.10526315789473684,0.14285714285714285,0.8571428571428571,0.16666666666666666,196.7058823529412,0.3157894736842105,0.47368421052631576,2.371668592027564,0.11860000000000004,1,6,BC,19,19,6,9,0,0,0,S7,2327.0,False,SSC,SSC,14,0.3064663032059335
10,28,25,8,3.0,6,1,0,1,12,3.0,3,0,8,0,0,1,0,0,0,2,3,3,1,0,0.32,0.39285714285714285,0.48,0.8728571428571428,0.15999999999999998,0.4375,0.0,0.03571428571428571,0.2857142857142857,0.10714285714285714,0.5555555555555556,0.4444444444444444,1.25,243.6551724137931,0.39285714285714285,0.48,-0.9839797657198164,-0.14169999999999996,5,4,1B,28,25,8,12,3,0,0,S7,2329.0,False,SCG,SCG,14,0.0037275198537530586
8,21,19,5,1.0,4,0,0,1,8,3.0,2,0,4,0,0,0,0,0,1,4,2,2,2,0,0.2631578947368421,0.3333333333333333,0.42105263157894735,0.7543859649122806,0.15789473684210525,0.2857142857142857,,0.047619047619047616,0.19047619047619047,0.09523809523809523,0.6363636363636364,0.36363636363636365,1.75,262.4761904761905,0.23809523809523808,0.35,-0.9761860026236251,-0.2081,7,4,HK,21,20,4,7,1,0,0,S7,2332.0,False,SSC,SSC,14,-0.021024477943061493
3,7,7,1,0.0,1,0,0,0,1,0.0,0,0,1,0,0,0,0,0,0,2,1,1,1,0,0.14285714285714285,0.14285714285714285,0.14285714285714285,0.2857142857142857,0.0,0.16666666666666666,,0.0,0.14285714285714285,0.0,0.6,0.4,1.5,323.0,0.14285714285714285,0.14285714285714285,-1.35520243909018,-0.24540000000000003,3,2,XB,7,7,1,1,0,0,0,S7,2334.0,False,MMA,MMA,10,-0.10998886980258434
2,3,3,0,0.0,0,0,0,0,0,0.0,0,0,1,1,0,0,0,0,0,1,0,1,0,0,0.0,0.0,0.0,0.0,0.0,0.0,,0.0,0.3333333333333333,0.0,0.5,0.5,1.0,263.5,0.0,0.0,-0.6528543162864364,-0.0904,1,1,MH,3,3,0,0,0,0,0,S7,2335.0,False,SSC,SSC,6,-0.05434341415445778
3,8,7,0,0.0,0,0,0,0,0,0.0,1,0,1,1,0,0,0,0,1,3,0,1,2,0,0.0,0.125,0.0,0.125,0.0,0.0,,0.0,0.125,0.125,0.5714285714285714,0.42857142857142855,1.3333333333333333,306.1666666666667,0.125,0.0,-2.826702747568093,-0.47700000000000004,4,3,MH,8,7,0,0,1,0,0,S7,2337.0,False,CPR,CPR,10,-0.25349156149231367
8,24,20,5,4.0,2,1,0,2,12,2.0,4,0,4,0,0,0,0,0,2,1,2,3,5,0,0.25,0.375,0.6,0.975,0.35,0.21428571428571427,,0.08333333333333333,0.16666666666666666,0.16666666666666666,0.38461538461538464,0.6153846153846154,0.625,259.0,0.375,0.5789473684210527,-1.5602236057227068,-0.17669999999999997,5,8,WC,24,19,4,11,5,0,0,S7,2340.0,False,RRR,RRR,13,-0.0684862207787838
1,2,2,1,0.0,1,0,0,0,1,0.0,0,0,0,0,0,0,0,0,0,1,0,0,0,0,0.5,0.5,0.5,1.0,0.0,0.5,,0.0,0.0,0.0,1.0,0.0,,247.0,0.5,0.5,0.06784544920894237,0.021,1,0,BC,2,2,1,1,0,0,0,S7,2342.0,False,TBL,TBL,10,0.014079223237018143
4,12,12,2,1.0,0,1,0,1,6,1.0,0,0,1,0,0,0,0,0,1,2,4,1,2,0,0.16666666666666666,0.16666666666666666,0.5,0.6666666666666666,0.33333333333333337,0.1,,0.08333333333333333,0.08333333333333333,0.0,0.7,0.3,2.3333333333333335,321.75,0.16666666666666666,0.5,-0.8625878384311375,-0.32239999999999996,7,3,1B,12,12,2,6,0,0,0,S7,2344.0,False,SCG,SCG,12,-0.042490713946370315
7,20,17,7,3.0,3,2,1,1,14,3.0,3,0,4,0,0,0,0,0,1,3,2,1,0,0,0.4117647058823529,0.5,0.8235294117647058,1.3235294117647058,0.4117647058823529,0.5,,0.05,0.2,0.15,0.8571428571428571,0.14285714285714285,6.0,218.4,0.5,0.7647058823529411,1.2150740711407373,0.2667,6,1,BC,20,17,7,13,3,0,0,S7,2347.0,False,2TM,SCG,13,0.1944541902753128
4,13,11,4,2.0,1,2,0,1,9,2.0,2,0,3,0,0,0,0,0,0,1,2,1,0,0,0.36363636363636365,0.46153846153846156,0.8181818181818182,1.2797202797202798,0.4545454545454546,0.42857142857142855,,0.07692307692307693,0.23076923076923078,0.15384615384615385,0.75,0.25,3.0,226.69230769230768,0.46153846153846156,0.8181818181818182,1.1575700365444832,0.1093,3,1,BC,13,11,4,9,2,0,0,S7,2347.0,True,RRR,RRR,8,0.1631724127092537
3,7,6,3,1.0,2,0,1,0,5,1.0,1,0,1,0,0,0,0,0,1,2,0,0,0,0,0.5,0.5714285714285714,0.8333333333333334,1.4047619047619047,0.33333333333333337,0.6,,0.0,0.14285714285714285,0.14285714285714285,1.0,0.0,,203.0,0.5714285714285714,0.6666666666666666,0.057504034596253334,0.15739999999999998,3,0,BC,7,6,3,4,1,0,0,S7,2347.0,True,SCG,SCG,13,0.03128177756605901
2,6,5,2,1.0,1,1,0,0,3,1.0,1,0,1,0,0,0,0,0,0,0,1,1,0,0,0.4,0.5,0.6,1.1,0.19999999999999996,0.5,,0.0,0.16666666666666666,0.16666666666666666,0.5,0.5,1.0,209.16666666666666,0.5,0.6,0.7322059443367169,-0.030700000000000012,1,1,TT,6,5,2,3,1,0,0,S7,2349.0,False,STK,STK,11,0.09510462938204342
2,5,5,2,1.0,1,1,0,0,3,0.0,0,0,0,0,0,0,0,0,1,1,2,0,0,0,0.4,0.4,0.6,1.0,0.19999999999999996,0.4,,0.0,0.0,0.0,1.0,0.0,,286.6,0.4,0.6,-0.4996498212612028,-0.036,4,0,1B,5,5,2,3,0,0,0,S7,2350.0,False,CPR,CPR,13,-0.03172828633581051
4,12,12,5,1.0,2,3,0,0,8,2.0,0,0,1,0,0,0,0,0,0,0,3,3,0,0,0.4166666666666667,0.4166666666666667,0.6666666666666666,1.0833333333333333,0.24999999999999994,0.45454545454545453,,0.0,0.08333333333333333,0.0,0.5,0.5,1.0,226.83333333333334,0.4166666666666667,0.5833333333333334,1.2522022458862399,-0.04070000000000004,3,3,BC,12,12,5,7,0,0,0,S7,2353.0,False,TRI,TRI,9,0.16898829448536742
4,11,9,1,2.0,0,1,0,0,2,1.0,1,0,2,0,0,0,0,1,1,3,2,2,0,0,0.1111111111111111,0.18181818181818182,0.2222222222222222,0.40404040404040403,0.1111111111111111,0.125,,0.0,0.18181818181818182,0.09090909090909091,0.6666666666666666,0.3333333333333333,2.0,302.90909090909093,0.18181818181818182,0.2222222222222222,-3.075460527383323,-0.4399,6,3,BC,11,9,1,2,1,1,0,S7,2354.0,False,BBC,BBC,13,-0.2674253219996508
9,19,15,3,1.0,1,1,0,1,7,1.0,4,0,1,0,0,0,0,0,1,3,4,4,0,0,0.2,0.3684210526315789,0.4666666666666667,0.8350877192982455,0.26666666666666666,0.15384615384615385,,0.05263157894736842,0.05263157894736842,0.21052631578947367,0.6666666666666666,0.3333333333333333,2.0,264.05263157894734,0.3684210526315789,0.42857142857142855,-1.490313031348676,-0.30770000000000003,8,4,WC,19,14,2,6,5,0,0,S7,2356.0,False,3TM,FAP,14,-0.0797318591316905
3,6,6,0,0.0,0,0,0,0,0,0.0,0,0,1,0,0,0,0,0,1,1,2,2,0,0,0.0,0.0,0.0,0.0,0.0,0.0,,0.0,0.16666666666666666,0.0,0.6666666666666666,0.3333333333333333,2.0,351.1666666666667,0.0,0.0,-2.1262377477991534,-0.2959,4,2,WC,6,6,0,0,0,0,0,S7,2356.0,True,CPR,CPR,3,-0.19073973983154363
2,4,2,2,1.0,0,1,0,1,6,1.0,2,0,0,0,0,0,0,0,0,0,0,0,0,0,1.0,1.0,3.0,4.0,2.0,1.0,,0.25,0.0,0.5,,,,92.25,1.0,3.0,1.8285582871104344,0.0916,0,0,WC,4,2,2,6,2,0,0,S7,2356.0,True,SSC,SSC,8,0.19744518534329125
4,9,7,1,0.0,1,0,0,0,1,0.0,2,0,0,0,0,0,0,0,0,2,2,2,0,0,0.14285714285714285,0.3333333333333333,0.14285714285714285,0.47619047619047616,0.0,0.14285714285714285,,0.0,0.0,0.2222222222222222,0.6666666666666666,0.3333333333333333,2.0,282.3333333333333,0.3333333333333333,0.0,-1.192633570659957,-0.10339999999999999,4,2,WC,9,6,0,0,3,0,0,S7,2356.0,True,FAP,FAP,14,-0.0864373046434381
2,6,5,3,2.0,1,0,1,1,8,4.0,1,0,0,0,0,0,0,0,0,1,1,0,0,0,0.6,0.6666666666666666,1.6,2.2666666666666666,1.0,0.5,,0.16666666666666666,0.0,0.16666666666666666,1.0,0.0,,194.33333333333334,0.6666666666666666,1.4,3.5228008341339785,0.265,2,0,BC,6,5,3,7,1,0,0,S7,2362.0,False,MMA,MMA,10,0.37416411836176955
2,6,6,2,0.0,1,1,0,0,3,0.0,0,0,0,0,0,0,0,0,0,0,1,2,1,0,0.3333333333333333,0.3333333333333333,0.5,0.8333333333333333,0.16666666666666669,0.3333333333333333,,0.0,0.0,0.0,0.25,0.75,0.3333333333333333,230.33333333333334,0.3333333333333333,0.5,-0.5562089561595462,-0.07319999999999999,1,3,BP,6,6,2,3,0,0,0,S7,2371.0,False,STK,STK,9,-0.0337368606675829
4,8,5,0,1.0,0,0,0,0,0,0.0,3,0,3,0,0,0,0,0,0,0,1,1,0,0,0.0,0.375,0.0,0.375,0.0,0.0,,0.0,0.375,0.375,0.5,0.5,1.0,243.25,0.375,0.0,-1.0310069385669842,-0.1081,1,1,TT,8,5,0,0,3,0,0,S7,2372.0,False,STK,STK,13,-0.0739219805922028
3,8,7,1,0.0,1,0,0,0,1,0.0,1,0,2,0,0,0,0,0,0,0,0,2,2,0,0.14285714285714285,0.25,0.14285714285714285,0.39285714285714285,0.0,0.2,,0.0,0.25,0.125,0.0,1.0,0.0,271.5,0.25,0.0,-0.9170354075684669,-0.148,0,4,BP,8,6,0,0,2,0,0,S7,2375.0,False,SSJ,SSJ,13,-0.06252482749235107
9,23,22,6,2.0,2,3,0,1,12,3.0,0,0,3,0,0,0,0,1,1,4,5,4,1,0,0.2727272727272727,0.2608695652173913,0.5454545454545454,0.8063241106719368,0.2727272727272727,0.2631578947368421,,0.043478260869565216,0.13043478260869565,0.0,0.625,0.375,1.6666666666666667,263.0869565217391,0.2608695652173913,0.5454545454545454,0.034482077177575676,0.11710000000000004,10,6,1B,23,22,6,12,0,1,0,S7,2377.0,False,2TM,FAP,14,0.08733700835318249
8,20,19,4,2.0,1,2,0,1,9,3.0,0,0,3,0,0,0,0,1,1,4,5,4,0,0,0.21052631578947367,0.2,0.47368421052631576,0.6736842105263158,0.2631578947368421,0.1875,,0.05,0.15,0.0,0.6666666666666666,0.3333333333333333,2.0,279.65,0.2,0.47368421052631576,-0.09958719637806734,0.061300000000000035,10,5,1B,20,19,4,9,0,1,0,S7,2377.0,True,STK,STK,13,0.06298806352343232
1,3,3,2,0.0,1,1,0,0,3,0.0,0,0,0,0,0,0,0,0,0,0,0,0,1,0,0.6666666666666666,0.6666666666666666,1.0,1.6666666666666665,0.33333333333333337,0.6666666666666666,,0.0,0.0,0.0,0.0,1.0,0.0,152.66666666666666,0.6666666666666666,1.0,0.13406927355564302,0.0558,0,1,1B,3,3,2,3,0,0,0,S7,2377.0,True,FAP,FAP,14,0.024348944829750162
9,26,24,9,3.0,7,2,0,0,11,1.0,1,0,1,0,1,1,1,0,1,2,4,4,4,0,0.375,0.4,0.4583333333333333,0.8583333333333334,0.08333333333333331,0.391304347826087,0.5,0.0,0.038461538461538464,0.038461538461538464,0.4666666666666667,0.5333333333333333,0.875,235.42857142857142,0.4,0.43478260869565216,-0.8340151563410957,0.012700000000000013,7,8,1B,26,23,8,10,2,0,1,S7,2379.0,False,2TM,SCG,14,0.011429302475501214
3,8,8,4,0.0,4,0,0,0,4,0.0,0,0,1,0,1,0,0,0,0,0,0,2,1,0,0.5,0.5,0.5,1.0,0.0,0.5714285714285714,1.0,0.0,0.125,0.0,0.0,1.0,0.0,166.44444444444446,0.5,0.42857142857142855,0.7882533689062295,0.007900000000000018,0,3,1B,8,7,3,3,1,0,0,S7,2379.0,True,PBA,PBA,7,0.10800405015511857
6,18,16,5,3.0,3,2,0,0,7,1.0,1,0,0,0,0,1,1,0,1,2,4,2,3,0,0.3125,0.35294117647058826,0.4375,0.7904411764705883,0.125,0.3125,0.0,0.0,0.0,0.05555555555555555,0.5833333333333334,0.4166666666666667,1.4,268.10526315789474,0.35294117647058826,0.4375,-1.6222685252473252,0.004800000000000021,7,5,1B,18,16,5,7,1,0,1,S7,2379.0,True,SCG,SCG,14,-0.09657474767961736
4,9,7,3,2.0,1,2,0,0,5,1.0,2,0,0,0,0,0,0,0,1,1,3,0,0,0,0.42857142857142855,0.5555555555555556,0.7142857142857143,1.2698412698412698,0.28571428571428575,0.42857142857142855,,0.0,0.0,0.2222222222222222,1.0,0.0,,233.33333333333334,0.5555555555555556,0.7142857142857143,1.1314502739294396,0.06619999999999998,5,0,1B,9,7,3,5,2,0,0,S7,2381.0,False,PBA,PBA,11,0.14597107981550156
2,4,3,0,0.0,0,0,0,0,0,0.0,1,0,1,1,0,0,0,0,1,1,1,0,0,0,0.0,0.25,0.0,0.25,0.0,0.0,,0.0,0.25,0.25,1.0,0.0,,345.6666666666667,0.25,0.0,-2.2034055066269023,-0.1183,3,0,WC,4,3,0,0,1,0,0,S7,2384.0,False,BBB,BBB,4,-0.2057511940304424
1,4,4,1,1.0,0,1,0,0,2,0.0,0,0,1,0,0,0,0,0,0,0,1,1,0,0,0.25,0.25,0.5,0.75,0.25,0.3333333333333333,,0.0,0.25,0.0,0.5,0.5,1.0,261.75,0.25,0.5,0.06494569630629621,-0.09139999999999998,1,1,XB,4,4,1,2,0,0,0,S7,2385.0,False,SSC,SSC,5,0.021083926262877434
3,5,5,1,0.0,1,0,0,0,1,0.0,0,0,3,2,0,0,0,0,0,0,0,1,0,0,0.2,0.2,0.2,0.4,0.0,0.5,,0.0,0.6,0.0,0.0,1.0,0.0,201.0,0.2,0.2,-0.7123702507292741,-0.0371,0,1,SF,5,5,1,1,0,0,0,S7,2388.0,False,CPR,CPR,7,-0.05300032928261764
4,10,9,3,1.0,1,0,1,1,8,1.0,1,0,1,0,0,2,0,0,0,1,0,4,0,0,0.3333333333333333,0.4,0.8888888888888888,1.2888888888888888,0.5555555555555556,0.2857142857142857,0.0,0.1,0.1,0.1,0.2,0.8,0.25,190.8181818181818,0.4,0.7777777777777778,-2.0106218813098975,0.06860000000000002,1,4,MH,10,9,3,7,1,0,0,S7,2389.0,False,SSJ,SSJ,14,-0.16458879655037023
4,12,12,2,0.0,2,0,0,0,2,0.0,0,0,5,0,0,0,0,0,0,0,2,1,2,0,0.16666666666666666,0.16666666666666666,0.16666666666666666,0.3333333333333333,0.0,0.2857142857142857,,0.0,0.4166666666666667,0.0,0.4,0.6,0.6666666666666666,273.5833333333333,0.16666666666666666,0.16666666666666666,-1.861486878981096,-0.26680000000000004,2,3,XB,12,12,2,2,0,0,0,S7,2393.0,False,RRR,RRR,7,-0.14238061800136617
4,10,10,0,0.0,0,0,0,0,0,0.0,0,0,1,0,0,0,0,0,1,2,4,1,2,0,0.0,0.0,0.0,0.0,0.0,0.0,,0.0,0.1,0.0,0.7,0.3,2.3333333333333335,379.4,0.0,0.0,-3.182289544579296,-0.3641,7,3,SF,10,10,0,0,0,0,0,S7,2394.0,False,MMA,MMA,13,-0.2817555628773101
8,24,21,7,5.0,3,1,0,3,17,5.0,3,0,4,0,0,0,0,0,0,4,3,2,1,0,0.3333333333333333,0.4166666666666667,0.8095238095238095,1.2261904761904763,0.4761904761904762,0.2857142857142857,,0.125,0.16666666666666666,0.125,0.7,0.3,2.3333333333333335,198.875,0.4166666666666667,0.8636363636363636,3.019419779688016,0.3423,7,3,MH,24,22,8,19,2,0,0,S7,2397.0,False,BBC,BBC,13,0.38947811776228847
4,13,12,5,4.0,2,0,0,3,14,9.0,1,0,4,0,0,0,0,0,0,1,0,2,0,0,0.4166666666666667,0.46153846153846156,1.1666666666666667,1.6282051282051282,0.75,0.4,,0.23076923076923078,0.3076923076923077,0.07692307692307693,0.3333333333333333,0.6666666666666666,0.5,173.76923076923077,0.38461538461538464,1.0769230769230769,5.521809587847279,0.7252,1,2,HK,13,13,5,14,0,0,0,S7,2455.0,False,BBC,BBC,14,0.5995963678395333
11,31,30,3,2.0,1,2,0,0,5,1.0,1,0,5,0,0,0,0,0,0,5,3,6,8,0,0.1,0.12903225806451613,0.16666666666666666,0.29569892473118276,0.06666666666666665,0.12,,0.0,0.16129032258064516,0.03225806451612903,0.36363636363636365,0.6363636363636364,0.5714285714285714,287.80645161290323,0.12903225806451613,0.13793103448275862,-5.415892772410035,-0.7794,8,14,XB,31,29,2,4,2,0,0,S7,2456.0,False,KNX,KNX,12,-0.4285217633410829
4,11,10,5,2.0,3,2,0,0,7,0.0,1,0,1,0,0,0,0,0,0,2,0,2,0,0,0.5,0.5454545454545454,0.7,1.2454545454545454,0.19999999999999996,0.5555555555555556,,0.0,0.09090909090909091,0.09090909090909091,0.5,0.5,1.0,192.36363636363637,0.5454545454545454,0.7,1.6234389903368698,0.010000000000000005,2,2,BN,11,10,5,7,1,0,0,S7,2457.0,False,BBC,BBC,14,0.20246462977236845
9,23,21,4,2.0,3,0,1,0,6,0.0,2,0,4,0,0,0,0,0,4,2,6,2,3,0,0.19047619047619047,0.2608695652173913,0.2857142857142857,0.5465838509316769,0.09523809523809523,0.23529411764705882,,0.0,0.17391304347826086,0.08695652173913043,0.7058823529411765,0.29411764705882354,2.4,322.72727272727275,0.2608695652173913,0.25,-4.606772691378801,-0.454,12,5,S,23,20,3,5,3,0,0,S7,2458.0,False,SSJ,SSJ,14,-0.3767884685024551
5,15,11,5,4.0,1,1,0,3,15,4.0,4,0,4,1,0,0,0,0,0,0,0,1,1,0,0.45454545454545453,0.6,1.3636363636363635,1.9636363636363634,0.909090909090909,0.5,,0.2,0.26666666666666666,0.26666666666666666,0.0,1.0,0.0,176.5,0.6,1.3636363636363635,5.823328228904949,0.2664,0,2,WC,15,11,5,15,4,0,0,S7,2462.0,False,SCG,SCG,13,0.6370429102614242
2,5,5,1,0.0,0,0,1,0,3,0.0,0,0,0,0,0,0,0,0,0,0,1,1,2,0,0.2,0.2,0.6,0.8,0.39999999999999997,0.2,,0.0,0.0,0.0,0.25,0.75,0.3333333333333333,274.8,0.2,0.4,-0.9383186918273535,-0.04490000000000001,1,3,BP,5,5,1,2,0,0,0,S7,2467.0,False,CPR,CPR,12,-0.07559517339242558
3,8,8,1,0.0,0,1,0,0,2,0.0,0,0,4,0,0,0,0,0,0,1,0,0,2,0,0.125,0.125,0.25,0.375,0.125,0.25,,0.0,0.5,0.0,0.3333333333333333,0.6666666666666666,0.5,282.25,0.125,0.125,-1.731101711533706,-0.3523,1,2,XB,8,8,1,1,0,0,0,S7,2474.0,False,SSC,SSC,14,-0.143931457888875
9,17,16,4,2.0,2,1,0,1,8,2.0,1,0,7,0,0,0,0,0,2,2,2,1,0,0,0.25,0.29411764705882354,0.5,0.7941176470588236,0.25,0.375,,0.058823529411764705,0.4117647058823529,0.058823529411764705,0.8571428571428571,0.14285714285714285,6.0,275.94117647058823,0.29411764705882354,0.4666666666666667,-0.8044077700385956,0.08150000000000004,6,1,TT,17,15,3,7,2,0,0,S7,2476.0,False,BAC,BAC,14,-0.018436011316806354
1,2,2,0,0.0,0,0,0,0,0,0.0,0,0,1,0,0,0,0,0,0,0,1,0,0,0,0.0,0.0,0.0,0.0,0.0,0.0,,0.0,0.5,0.0,1.0,0.0,,371.0,0.0,0.0,-0.5644092223023895,-0.0558,1,0,P,2,2,0,0,0,0,0,S7,2477.0,False,MMA,MMA,5,-0.049146243914115054
2,5,5,0,0.0,0,0,0,0,0,0.0,0,0,2,1,0,0,0,0,0,1,1,1,0,0,0.0,0.0,0.0,0.0,0.0,0.0,,0.0,0.4,0.0,0.6666666666666666,0.3333333333333333,2.0,342.75,0.0,0.0,-1.5129590772543686,-0.14559999999999998,2,1,SF,5,5,0,0,0,0,0,S7,2478.0,False,BAC,BAC,8,-0.1330592119351271
3,7,7,1,1.0,0,0,0,1,4,2.0,0,0,2,0,0,0,0,0,0,1,1,1,1,0,0.14285714285714285,0.14285714285714285,0.5714285714285714,0.7142857142857142,0.42857142857142855,0.0,,0.14285714285714285,0.2857142857142857,0.0,0.5,0.5,1.0,318.2857142857143,0.14285714285714285,0.5714285714285714,0.5418280878390369,-0.0918,2,2,WC,7,7,1,4,0,0,0,S7,2479.0,False,2TM,MMA,13,0.07971418289033735
1,3,3,1,1.0,0,0,0,1,4,2.0,0,0,0,0,0,0,0,0,0,0,1,1,0,0,0.3333333333333333,0.3333333333333333,1.3333333333333333,1.6666666666666665,1.0,0.0,,0.3333333333333333,0.0,0.0,0.5,0.5,1.0,241.33333333333334,0.3333333333333333,1.3333333333333333,1.4317713091639077,0.016799999999999995,1,1,WC,3,3,1,4,0,0,0,S7,2479.0,True,BAC,BAC,4,0.15411914839057664
2,4,4,0,0.0,0,0,0,0,0,0.0,0,0,2,0,0,0,0,0,0,1,0,0,1,0,0.0,0.0,0.0,0.0,0.0,0.0,,0.0,0.5,0.0,0.5,0.5,1.0,376.0,0.0,0.0,-0.8899432213248708,-0.1086,1,1,WC,4,4,0,0,0,0,0,S7,2479.0,True,MMA,MMA,13,-0.07440496550023927
1,3,3,0,0.0,0,0,0,0,0,0.0,0,0,0,0,0,0,0,0,0,0,2,0,1,0,0.0,0.0,0.0,0.0,0.0,0.0,,0.0,0.0,0.0,0.6666666666666666,0.3333333333333333,2.0,423.0,0.0,0.0,-0.5775184796393406,-0.1063,2,1,1B,3,3,0,0,0,0,0,S7,2483.0,False,BBB,BBB,2,-0.0468098304897482
6,17,13,3,2.0,0,3,0,0,6,0.0,4,0,1,1,0,0,0,0,0,1,2,2,4,0,0.23076923076923078,0.4117647058823529,0.46153846153846156,0.8733031674208145,0.23076923076923078,0.25,,0.0,0.058823529411764705,0.23529411764705882,0.3333333333333333,0.6666666666666666,0.5,246.9375,0.4117647058823529,0.46153846153846156,-0.6686858694252029,0.0009000000000000015,3,6,SF,17,13,3,6,4,0,0,S7,2486.0,False,BAC,BAC,13,-0.004863821255467082
3,5,5,0,0.0,0,0,0,0,0,0.0,0,0,1,0,0,0,0,0,0,0,1,0,3,0,0.0,0.0,0.0,0.0,0.0,0.0,,0.0,0.2,0.0,0.25,0.75,0.3333333333333333,362.8,0.0,0.0,-1.0694532556958918,-0.1445,1,3,BC,5,5,0,0,0,0,0,S7,2487.0,False,TBL,TBL,10,-0.08870862977927942
2,5,5,1,0.0,0,1,0,0,2,2.0,0,0,2,0,0,0,0,0,0,1,0,1,0,0,0.2,0.2,0.4,0.6000000000000001,0.2,0.3333333333333333,,0.0,0.4,0.0,0.5,0.5,1.0,267.0,0.2,0.4,0.7042019648394826,0.13860000000000003,1,1,BN,5,5,1,2,0,0,0,S7,2488.0,False,FAP,FAP,5,0.08865689227425802
3,8,8,3,1.0,0,3,0,0,6,0.0,0,0,1,0,0,0,0,0,0,0,2,1,1,0,0.375,0.375,0.75,1.125,0.375,0.42857142857142855,,0.0,0.125,0.0,0.5,0.5,1.0,248.5,0.375,0.75,0.4671634450354237,0.032100000000000004,2,2,WC,8,8,3,6,0,0,0,S7,2490.0,False,TBL,TBL,13,0.075895057768038
4,10,9,2,2.0,1,1,0,0,3,0.0,1,0,2,0,0,0,0,0,0,1,1,2,1,0,0.2222222222222222,0.3,0.3333333333333333,0.6333333333333333,0.1111111111111111,0.2857142857142857,,0.0,0.2,0.1,0.4,0.6,0.6666666666666666,268.9,0.3,0.3333333333333333,-0.6131997351788334,-0.17230000000000004,2,3,WC,10,9,2,3,1,0,0,S7,2492.0,False,BBB,BBB,10,-0.02484658193726381
1,4,3,2,1.0,2,0,0,0,2,0.0,1,1,1,0,0,0,0,0,0,0,0,0,0,0,0.6666666666666666,0.75,0.6666666666666666,1.4166666666666665,0.0,1.0,,0.0,0.25,0.25,,,,175.0,0.75,0.5,0.23700155575059917,0.0157,0,0,BC,4,2,1,1,2,0,0,S7,2493.0,False,STK,STK,14,0.03828951220730773
6,16,15,4,2.0,1,2,0,1,9,3.0,1,0,1,0,0,0,0,0,2,1,2,5,2,0,0.26666666666666666,0.3125,0.6,0.9125,0.3333333333333333,0.23076923076923078,,0.0625,0.0625,0.0625,0.4166666666666667,0.5833333333333334,0.7142857142857143,238.75,0.3125,0.5,-0.9639190275294947,-0.03699999999999992,5,7,SF,16,14,3,7,2,0,0,S7,2495.0,False,TBL,TBL,13,-0.03803447622395821
6,16,15,3,2.0,1,1,0,1,7,2.0,1,0,2,0,0,0,0,0,1,2,0,4,4,0,0.2,0.25,0.4666666666666667,0.7166666666666667,0.26666666666666666,0.16666666666666666,,0.0625,0.125,0.0625,0.2727272727272727,0.7272727272727273,0.375,241.375,0.25,0.4,-2.0250142827821285,-0.1429,3,8,XB,16,15,3,6,1,0,0,S7,2496.0,False,TBL,TBL,14,-0.1441440017492216
4,12,12,1,1.0,0,0,0,1,4,1.0,0,0,3,0,0,0,0,0,0,2,1,2,3,0,0.08333333333333333,0.08333333333333333,0.3333333333333333,0.41666666666666663,0.25,0.0,,0.08333333333333333,0.25,0.0,0.375,0.625,0.6,305.4166666666667,0.08333333333333333,0.3333333333333333,-1.8414879449294945,-0.22899999999999998,3,5,XB,12,12,1,4,0,0,0,S7,2499.0,False,PBA,PBA,14,-0.140380724596206
2,6,5,0,0.0,0,0,0,0,0,0.0,1,0,0,0,0,0,0,0,0,2,1,1,1,0,0.0,0.16666666666666666,0.0,0.16666666666666666,0.0,0.0,,0.0,0.0,0.16666666666666666,0.6,0.4,1.5,352.1666666666667,0.16666666666666666,0.0,-0.8487211224944697,-0.0554,3,2,WC,6,5,0,0,1,0,0,S7,2501.0,False,BBC,BBC,8,-0.06298807730107525
3,10,8,3,4.0,1,0,0,2,9,2.0,2,0,1,0,0,0,0,0,0,0,1,2,1,0,0.375,0.5,1.125,1.625,0.75,0.2,,0.2,0.1,0.2,0.25,0.75,0.3333333333333333,217.5,0.4,1.0,0.5536524576109405,0.04379999999999996,1,3,1B,10,9,3,9,1,0,0,S7,2503.0,False,BBC,BBC,6,0.09183863734171357
5,15,14,3,2.0,0,2,0,1,8,3.0,0,0,2,0,0,0,0,1,1,1,2,2,5,0,0.21428571428571427,0.2,0.5714285714285714,0.7714285714285714,0.3571428571428571,0.16666666666666666,,0.06666666666666667,0.13333333333333333,0.0,0.3333333333333333,0.6666666666666666,0.5,283.1333333333333,0.2,0.5714285714285714,-0.3825754650639695,-0.10309999999999997,4,8,XB,15,14,3,8,0,1,0,S7,2504.0,False,SSC,SSC,10,0.016452540864532343
7,18,16,5,2.0,3,1,0,1,9,3.0,2,0,2,0,1,0,0,0,0,1,1,3,4,0,0.3125,0.3888888888888889,0.5625,0.9513888888888888,0.25,0.3076923076923077,1.0,0.05555555555555555,0.1111111111111111,0.1111111111111111,0.2222222222222222,0.7777777777777778,0.2857142857142857,227.31578947368422,0.3888888888888889,0.5625,1.1466559823184852,0.2860000000000001,2,7,S,18,16,5,9,2,0,0,S7,2507.0,False,BAC,BAC,14,0.18031770307696368
4,11,10,4,2.0,3,1,0,0,5,0.0,1,0,0,0,0,0,0,0,0,0,1,4,1,0,0.4,0.45454545454545453,0.5,0.9545454545454546,0.09999999999999998,0.4,,0.0,0.0,0.09090909090909091,0.16666666666666666,0.8333333333333334,0.2,197.54545454545453,0.36363636363636365,0.5,-0.20559930630156886,0.13650000000000004,1,5,WC,11,10,4,5,0,1,0,S7,2508.0,False,BBC,BBC,13,0.019560800108524602
8,19,17,6,4.0,1,4,0,1,13,1.0,2,0,0,0,0,0,0,0,1,2,4,4,1,0,0.35294117647058826,0.42105263157894735,0.7647058823529411,1.1857585139318885,0.41176470588235287,0.3125,,0.05263157894736842,0.0,0.10526315789473684,0.5833333333333334,0.4166666666666667,1.4,212.1578947368421,0.42105263157894735,0.625,0.4444873385322783,-0.10179999999999999,7,5,MH,19,16,5,10,3,0,0,S7,2509.0,False,2TM,BBB,14,0.11374817785640494
1,2,2,0,0.0,0,0,0,0,0,0.0,0,0,0,0,0,0,0,0,1,1,0,1,0,0,0.0,0.0,0.0,0.0,0.0,0.0,,0.0,0.0,0.0,0.6666666666666666,0.3333333333333333,2.0,230.5,0.0,0.0,-1.064471415770304,-0.11399999999999999,2,1,MH,2,2,0,0,0,0,0,S7,2509.0,True,PBA,PBA,2,-0.09915246326090649
7,17,15,6,4.0,1,4,0,1,13,1.0,2,0,0,0,0,0,0,0,0,1,4,3,1,0,0.4,0.47058823529411764,0.8666666666666667,1.3372549019607844,0.4666666666666667,0.35714285714285715,,0.058823529411764705,0.0,0.11764705882352941,0.5555555555555556,0.4444444444444444,1.25,210.0,0.47058823529411764,0.7142857142857143,1.5089587543025822,0.012200000000000016,5,4,MH,17,14,5,10,3,0,0,S7,2509.0,True,BBB,BBB,14,0.2129006411173114
5,11,10,2,0.0,2,0,0,0,2,0.0,1,0,3,0,0,0,0,0,0,1,3,1,0,0,0.2,0.2727272727272727,0.2,0.4727272727272727,0.0,0.2857142857142857,,0.0,0.2727272727272727,0.09090909090909091,0.8,0.2,4.0,305.1818181818182,0.18181818181818182,0.1,-0.5484122422767294,-0.04689999999999999,4,1,BC,11,10,1,1,1,0,0,S7,2510.0,False,2TM,FAP,11,-0.01472049348899145
4,9,8,2,0.0,2,0,0,0,2,0.0,1,0,3,0,0,0,0,0,0,1,2,0,0,0,0.25,0.3333333333333333,0.25,0.5833333333333333,0.0,0.4,,0.0,0.3333333333333333,0.1111111111111111,1.0,0.0,,301.1111111111111,0.2222222222222222,0.125,-0.23135850355430332,-0.02169999999999999,3,0,BC,9,8,1,1,1,0,0,S7,2510.0,True,MMA,MMA,10,0.009690202067127247
1,2,2,0,0.0,0,0,0,0,0,0.0,0,0,0,0,0,0,0,0,0,0,1,1,0,0,0.0,0.0,0.0,0.0,0.0,0.0,,0.0,0.0,0.0,0.5,0.5,1.0,323.5,0.0,0.0,-0.31705373872242604,-0.0252,1,1,BC,2,2,0,0,0,0,0,S7,2510.0,True,FAP,FAP,11,-0.024410695556118696
6,15,15,3,0.0,3,0,0,0,3,1.0,0,0,0,0,0,0,0,0,1,2,3,6,1,0,0.2,0.2,0.2,0.4,0.0,0.2,,0.0,0.0,0.0,0.46153846153846156,0.5384615384615384,0.8571428571428571,273.93333333333334,0.2,0.2,-2.2960840145241788,-0.1438,6,7,BC,15,15,3,3,0,0,0,S7,2511.0,False,SSC,SSC,7,-0.1748983140814886
1,2,2,1,1.0,0,0,0,1,4,1.0,0,0,0,0,0,0,0,0,0,0,0,0,1,0,0.5,0.5,2.0,2.5,1.5,0.0,,0.5,0.0,0.0,0.0,1.0,0.0,174.5,0.5,2.0,0.6009615384615384,0.0789,0,1,XB,2,2,1,4,0,0,0,S7,2512.0,False,FAP,FAP,6,0.06739083216227774
2,4,3,0,0.0,0,0,0,0,0,0.0,1,0,0,0,0,0,0,0,0,1,0,0,2,0,0.0,0.25,0.0,0.25,0.0,0.0,,0.0,0.0,0.25,0.3333333333333333,0.6666666666666666,0.5,349.6666666666667,0.25,0.0,-0.5151188518176797,-0.0858,1,2,XB,4,3,0,0,1,0,0,S7,2513.0,False,WSW,WSW,2,-0.036922528549520155
4,9,9,3,0.0,2,1,0,0,4,0.0,0,0,1,1,0,0,0,0,0,1,1,3,0,0,0.3333333333333333,0.3333333333333333,0.4444444444444444,0.7777777777777777,0.1111111111111111,0.375,,0.0,0.1111111111111111,0.0,0.4,0.6,0.6666666666666666,224.0,0.3333333333333333,0.4444444444444444,0.6249886292017879,0.045300000000000014,2,3,BC,9,9,3,4,0,0,0,S7,2516.0,False,TRI,TRI,14,0.09532491534273638
5,10,10,1,1.0,0,0,0,1,4,2.0,0,0,2,0,0,0,0,0,0,3,0,0,4,0,0.1,0.1,0.4,0.5,0.30000000000000004,0.0,,0.1,0.2,0.0,0.42857142857142855,0.5714285714285714,0.75,326.6,0.1,0.4,-0.2138408386526539,0.051,3,4,XB,10,10,1,4,0,0,0,S7,2517.0,False,TBL,TBL,14,0.015089307715354138
5,12,11,2,0.0,1,0,1,0,4,0.0,1,0,3,1,0,0,0,0,0,1,0,1,4,0,0.18181818181818182,0.25,0.36363636363636365,0.6136363636363636,0.18181818181818182,0.25,,0.0,0.25,0.08333333333333333,0.16666666666666666,0.8333333333333334,0.2,258.90909090909093,0.25,0.4166666666666667,-0.6951368286175732,-0.11839999999999999,1,5,S,12,12,3,5,0,0,0,S7,2518.0,False,BAC,BAC,13,-0.025745612965013882
6,15,13,3,2.0,1,2,0,0,5,0.0,2,0,1,0,0,0,0,0,0,2,4,3,0,0,0.23076923076923078,0.3333333333333333,0.38461538461538464,0.717948717948718,0.15384615384615385,0.25,,0.0,0.06666666666666667,0.13333333333333333,0.6666666666666666,0.3333333333333333,2.0,278.53333333333336,0.3333333333333333,0.38461538461538464,-0.6733992640327084,-0.11430000000000001,6,3,BC,15,13,3,5,2,0,0,S7,2519.0,False,RRR,RRR,12,-0.01262983903234155
4,12,8,2,2.0,2,0,0,0,2,1.0,3,0,1,0,0,0,0,1,1,3,1,2,0,0,0.25,0.4166666666666667,0.25,0.6666666666666667,0.0,0.25,,0.0,0.08333333333333333,0.25,0.625,0.375,1.6666666666666667,250.16666666666666,0.3333333333333333,0.2222222222222222,-1.0748003451143047,-0.0965,5,3,1B,12,9,2,2,2,1,0,S7,2520.0,False,KNX,KNX,13,-0.06371196461468702
7,16,13,2,1.0,1,1,0,0,3,2.0,3,0,3,0,0,0,0,0,0,3,2,3,0,0,0.15384615384615385,0.3125,0.23076923076923078,0.5432692307692308,0.07692307692307693,0.2,,0.0,0.1875,0.1875,0.625,0.375,1.6666666666666667,264.125,0.25,0.21428571428571427,0.07069474956339916,0.059299999999999964,5,3,TT,16,14,2,3,2,0,0,S7,2523.0,False,CPR,CPR,14,0.06542690148533117
12,33,31,10,7.0,1,4,0,5,29,11.0,2,0,2,0,0,1,0,0,3,6,5,6,2,0,0.3225806451612903,0.36363636363636365,0.9354838709677419,1.2991202346041055,0.6129032258064515,0.20833333333333334,0.0,0.15151515151515152,0.06060606060606061,0.06060606060606061,0.6363636363636364,0.36363636363636365,1.75,242.23529411764707,0.36363636363636365,0.9032258064516129,3.68670438185102,0.21879999999999994,14,8,BC,33,31,10,28,2,0,0,S7,2524.0,False,STK,STK,14,0.4890326304011465
4,10,9,2,1.0,1,0,0,1,5,1.0,1,0,0,0,0,0,0,0,0,2,1,3,1,0,0.2222222222222222,0.3,0.5555555555555556,0.8555555555555556,0.33333333333333337,0.125,,0.1,0.0,0.1,0.42857142857142855,0.5714285714285714,0.75,277.6,0.2,0.5,-0.7373633466975469,0.019500000000000003,3,4,S,10,10,2,5,0,0,0,S7,2527.0,False,CPR,CPR,13,-0.03726294308913516
1,3,3,0,0.0,0,0,0,0,0,0.0,0,0,0,0,0,0,0,0,0,1,1,0,1,0,0.0,0.0,0.0,0.0,0.0,0.0,,0.0,0.0,0.0,0.6666666666666666,0.3333333333333333,2.0,413.3333333333333,0.0,0.0,-0.5344993185109465,-0.07,2,1,XB,3,3,0,0,0,0,0,S7,2528.0,False,BBC,BBC,4,-0.04250791437690878
12,34,26,9,5.0,5,2,0,2,17,4.0,8,1,3,0,0,0,0,0,1,2,3,7,2,0,0.34615384615384615,0.5,0.6538461538461539,1.1538461538461537,0.3076923076923077,0.3333333333333333,,0.058823529411764705,0.08823529411764706,0.23529411764705882,0.4,0.6,0.6666666666666666,220.4848484848485,0.47058823529411764,0.6,2.8812916037871377,0.3398999999999999,6,9,WC,34,25,8,15,8,1,0,S7,2530.0,False,STK,STK,14,0.4121386917528202
5,13,12,2,2.0,0,0,0,2,8,3.0,1,0,6,0,0,0,0,0,0,0,0,3,1,0,0.16666666666666666,0.23076923076923078,0.6666666666666666,0.8974358974358974,0.5,0.0,,0.15384615384615385,0.46153846153846156,0.07692307692307693,0.0,1.0,0.0,228.15384615384616,0.15384615384615385,0.6666666666666666,0.3727943186964551,0.39920000000000005,0,4,BP,13,12,2,8,0,1,0,S7,2531.0,False,BAC,BAC,12,0.0846948409244509
6,16,15,3,1.0,1,2,0,0,5,1.0,0,0,2,1,0,0,0,1,0,2,0,5,4,0,0.2,0.1875,0.3333333333333333,0.5208333333333333,0.1333333333333333,0.21428571428571427,,0.0,0.125,0.0,0.16666666666666666,0.8333333333333334,0.2,266.6,0.1875,0.3333333333333333,-1.1836187037150767,-0.33599999999999997,2,10,S,16,15,3,5,0,1,0,S7,2532.0,False,TRI,TRI,14,-0.06000444384251642
10,31,29,6,1.0,2,3,0,1,12,4.0,1,0,0,0,0,0,0,1,1,0,2,14,8,0,0.20689655172413793,0.22580645161290322,0.41379310344827586,0.639599555061179,0.20689655172413793,0.1724137931034483,,0.03225806451612903,0.0,0.03225806451612903,0.11538461538461539,0.8846153846153846,0.13043478260869565,255.90322580645162,0.22580645161290322,0.41379310344827586,-2.60226028174421,-0.0177000000000001,3,23,S,31,29,6,12,1,1,0,S7,2535.0,False,TRI,TRI,14,-0.14715851427450044
6,16,16,4,1.0,2,2,0,0,6,1.0,0,0,5,2,0,0,0,0,1,3,0,3,1,0,0.25,0.25,0.375,0.625,0.125,0.36363636363636365,,0.0,0.3125,0.0,0.5,0.5,1.0,256.0,0.25,0.375,-2.6006046478158664,-0.2924,4,4,BP,16,16,4,6,0,0,0,S7,2537.0,False,2TM,SSJ,13,-0.20170303825259542
2,5,5,1,0.0,0,1,0,0,2,0.0,0,0,3,1,0,0,0,0,1,1,0,0,0,0,0.2,0.2,0.4,0.6000000000000001,0.2,0.5,,0.0,0.6,0.0,1.0,0.0,,303.75,0.2,0.4,-1.822079822362371,-0.11919999999999999,2,0,BP,5,5,1,2,0,0,0,S7,2537.0,True,RRR,RRR,2,-0.16397128644592734
4,11,11,3,1.0,2,1,0,0,4,1.0,0,0,2,1,0,0,0,0,0,2,0,3,1,0,0.2727272727272727,0.2727272727272727,0.36363636363636365,0.6363636363636364,0.09090909090909094,0.3333333333333333,,0.0,0.18181818181818182,0.0,0.3333333333333333,0.6666666666666666,0.5,236.9,0.2727272727272727,0.36363636363636365,-0.7785248254534958,-0.17319999999999997,2,4,BP,11,11,3,4,0,0,0,S7,2537.0,True,SSJ,SSJ,13,-0.03773175180666809
9,27,24,5,2.0,3,1,0,1,9,2.0,3,0,8,1,0,0,0,0,1,4,0,6,1,0,0.20833333333333334,0.2962962962962963,0.375,0.6712962962962963,0.16666666666666666,0.26666666666666666,,0.037037037037037035,0.2962962962962963,0.1111111111111111,0.4166666666666667,0.5833333333333334,0.7142857142857143,243.30769230769232,0.25925925925925924,0.375,-1.226303351873827,-0.07609999999999995,5,7,BC,27,24,5,9,2,1,0,S7,2539.0,False,2TM,SCG,14,-0.024152177919709972
8,24,21,4,2.0,2,1,0,1,8,2.0,3,0,8,1,0,0,0,0,0,3,0,5,1,0,0.19047619047619047,0.2916666666666667,0.38095238095238093,0.6726190476190477,0.19047619047619047,0.25,,0.041666666666666664,0.3333333333333333,0.125,0.3333333333333333,0.6666666666666666,0.5,242.95652173913044,0.25,0.38095238095238093,-0.5881846457779202,-0.05289999999999995,3,6,BC,24,21,4,8,2,1,0,S7,2539.0,True,TRI,TRI,11,0.02871767521569486
1,3,3,1,0.0,1,0,0,0,1,0.0,0,0,0,0,0,0,0,0,1,1,0,1,0,0,0.3333333333333333,0.3333333333333333,0.3333333333333333,0.6666666666666666,0.0,0.3333333333333333,,0.0,0.0,0.0,0.6666666666666666,0.3333333333333333,2.0,246.0,0.3333333333333333,0.3333333333333333,-0.6381187060959068,-0.023200000000000005,2,1,BC,3,3,1,1,0,0,0,S7,2539.0,True,SCG,SCG,14,-0.05286985313540482
8,19,17,4,2.0,2,2,0,0,6,2.0,2,0,2,0,0,0,0,0,2,5,3,1,2,0,0.23529411764705882,0.3157894736842105,0.35294117647058826,0.6687306501547987,0.11764705882352944,0.26666666666666666,,0.0,0.10526315789473684,0.10526315789473684,0.7692307692307693,0.23076923076923078,3.3333333333333335,293.2631578947368,0.3157894736842105,0.35294117647058826,-1.6409258086965237,-0.10230000000000003,10,3,BP,19,17,4,6,2,0,0,S7,2540.0,False,TBL,TBL,14,-0.09479313686647525
5,13,12,2,0.0,1,1,0,0,3,0.0,1,0,1,0,2,0,0,0,2,3,3,2,1,0,0.16666666666666666,0.23076923076923078,0.25,0.4807692307692308,0.08333333333333334,0.18181818181818182,1.0,0.0,0.07692307692307693,0.07692307692307693,0.7272727272727273,0.2727272727272727,2.6666666666666665,287.2,0.23076923076923078,0.25,-1.1238913797105923,-0.3205,8,3,XB,13,12,2,3,1,0,0,S7,2542.0,False,BAC,BAC,11,-0.06497372891625383
9,26,25,1,2.0,0,0,1,0,3,1.0,1,0,4,1,0,0,0,0,3,6,6,5,3,0,0.04,0.07692307692307693,0.12,0.19692307692307692,0.07999999999999999,0.047619047619047616,,0.0,0.15384615384615385,0.038461538461538464,0.6521739130434783,0.34782608695652173,1.875,335.64,0.07692307692307693,0.12,-4.607332892805783,-0.48119999999999996,15,8,1B,26,25,1,3,1,0,0,S7,2543.0,False,KNX,KNX,13,-0.36590247117096747
11,32,28,9,9.0,3,1,0,5,25,12.0,3,0,9,0,0,0,0,1,1,3,2,6,0,0,0.32142857142857145,0.375,0.8928571428571429,1.2678571428571428,0.5714285714285714,0.26666666666666666,,0.15625,0.28125,0.09375,0.46153846153846156,0.5384615384615384,0.8571428571428571,214.59375,0.375,0.8888888888888888,6.498823685584404,0.33740000000000003,6,7,TT,32,27,8,24,4,1,0,S7,2544.0,False,BBC,BBC,14,0.766597221616423
3,9,9,1,0.0,1,0,0,0,1,0.0,0,0,1,0,0,0,0,0,0,0,2,5,0,0,0.1111111111111111,0.1111111111111111,0.1111111111111111,0.2222222222222222,0.0,0.125,,0.0,0.1111111111111111,0.0,0.2857142857142857,0.7142857142857143,0.4,261.0,0.1111111111111111,0.1111111111111111,-1.9858379509019006,-0.2071,2,5,SF,9,9,1,1,0,0,0,S7,2545.0,False,TRI,TRI,10,-0.1657577426676325
2,4,4,0,0.0,0,0,0,0,0,0.0,0,0,0,0,0,0,0,0,0,1,0,3,0,0,0.0,0.0,0.0,0.0,0.0,0.0,,0.0,0.0,0.0,0.25,0.75,0.3333333333333333,265.0,0.0,0.0,-0.8331978788189109,-0.1202,1,3,WC,4,4,0,0,0,0,0,S7,2546.0,False,KNX,KNX,14,-0.06873043124964329
5,14,13,3,3.0,1,1,0,1,7,2.0,1,0,2,0,1,0,0,0,1,0,3,1,4,0,0.23076923076923078,0.2857142857142857,0.5384615384615384,0.8241758241758241,0.30769230769230765,0.2,1.0,0.07142857142857142,0.14285714285714285,0.07142857142857142,0.4444444444444444,0.5555555555555556,0.8,284.46666666666664,0.2857142857142857,0.5384615384615384,0.19718565906558372,-0.03450000000000003,4,5,S,14,13,3,7,1,0,0,S7,2547.0,False,SSJ,SSJ,12,0.07078131411942572
4,11,11,5,3.0,1,1,1,2,14,4.0,0,0,2,0,0,0,0,0,1,2,0,1,1,0,0.45454545454545453,0.45454545454545453,1.2727272727272727,1.7272727272727273,0.8181818181818181,0.42857142857142855,,0.18181818181818182,0.18181818181818182,0.0,0.6,0.4,1.5,176.36363636363637,0.45454545454545453,1.2727272727272727,2.7391460608929625,-0.04860000000000001,3,2,XB,11,11,5,14,0,0,0,S7,2550.0,False,BBB,BBB,9,0.31403533682797774
6,13,12,1,1.0,0,1,0,0,2,0.0,1,0,6,2,0,0,0,0,1,1,2,2,0,0,0.08333333333333333,0.15384615384615385,0.16666666666666666,0.3205128205128205,0.08333333333333333,0.16666666666666666,,0.0,0.46153846153846156,0.07692307692307693,0.6666666666666666,0.3333333333333333,2.0,288.90909090909093,0.15384615384615385,0.08333333333333333,-3.201663427657994,-0.27979999999999994,4,2,BP,13,12,1,1,1,0,0,S7,2551.0,False,2TM,FAP,10,-0.272750933710994
3,9,8,0,1.0,0,0,0,0,0,0.0,1,0,3,1,0,0,0,0,1,1,2,2,0,0,0.0,0.1111111111111111,0.0,0.1111111111111111,0.0,0.0,,0.0,0.3333333333333333,0.1111111111111111,0.6666666666666666,0.3333333333333333,2.0,328.75,0.1111111111111111,0.0,-3.1965328134393665,-0.23739999999999997,4,2,BP,9,8,0,0,1,0,0,S7,2551.0,True,PBA,PBA,7,-0.2868272289213791
3,4,4,1,0.0,0,1,0,0,2,0.0,0,0,3,1,0,0,0,0,0,0,0,0,0,0,0.25,0.25,0.5,0.75,0.25,1.0,,0.0,0.75,0.0,,,,182.66666666666666,0.25,0.25,-0.005130614218627705,-0.0424,0,0,BP,4,4,1,1,0,0,0,S7,2551.0,True,FAP,FAP,10,0.014076295210385042
7,21,21,7,7.0,4,1,1,1,13,4.0,0,0,2,0,0,0,0,0,1,4,1,4,3,0,0.3333333333333333,0.3333333333333333,0.6190476190476191,0.9523809523809523,0.28571428571428575,0.3333333333333333,,0.047619047619047616,0.09523809523809523,0.0,0.46153846153846156,0.5384615384615384,0.8571428571428571,234.33333333333334,0.3333333333333333,0.6190476190476191,0.8457747580915809,-0.13480000000000003,6,7,SF,21,21,7,13,0,0,0,S7,2552.0,False,SSC,SSC,13,0.1611715981284591
4,7,7,2,1.0,2,0,0,0,2,2.0,0,0,1,0,0,0,0,0,0,0,3,1,0,0,0.2857142857142857,0.2857142857142857,0.2857142857142857,0.5714285714285714,0.0,0.3333333333333333,,0.0,0.14285714285714285,0.0,0.75,0.25,3.0,299.57142857142856,0.2857142857142857,0.2857142857142857,1.047283938067438,0.45649999999999996,3,1,BC,7,7,2,2,0,0,0,S7,2554.0,False,WSW,WSW,12,0.13025976791317745
9,22,20,6,4.0,2,2,0,2,14,3.0,1,0,4,0,0,0,0,1,2,3,2,4,2,0,0.3,0.3181818181818182,0.7,1.018181818181818,0.39999999999999997,0.26666666666666666,,0.09090909090909091,0.18181818181818182,0.045454545454545456,0.5,0.5,1.0,250.8181818181818,0.3181818181818182,0.65,0.2215768137321028,-0.3197999999999999,7,7,WC,22,20,6,13,1,1,0,S7,2555.0,False,KNX,KNX,13,0.10239914285057325
1,1,1,0,0.0,0,0,0,0,0,0.0,0,0,1,1,0,0,0,0,0,0,0,0,0,0,0.0,0.0,0.0,0.0,0.0,,,0.0,1.0,0.0,,,,,0.0,0.0,-0.15852686936121302,-0.031,0,0,P,1,1,0,0,0,0,0,S7,2557.0,False,BAC,BAC,1,-0.012205347778059348
5,14,11,0,0.0,0,0,0,0,0,0.0,3,0,3,0,0,0,0,0,1,2,5,1,0,0,0.0,0.21428571428571427,0.0,0.21428571428571427,0.0,0.0,,0.0,0.21428571428571427,0.21428571428571427,0.8888888888888888,0.1111111111111111,8.0,284.7857142857143,0.07142857142857142,0.0,-3.0675219816335044,-0.2867,8,1,MH,14,12,0,0,1,1,0,S7,2558.0,False,BBB,BBB,11,-0.2556894499504831
6,16,14,4,3.0,2,0,0,2,10,3.0,2,0,4,0,0,0,0,0,0,1,1,2,2,0,0.2857142857142857,0.375,0.7142857142857143,1.0892857142857144,0.4285714285714286,0.25,,0.125,0.25,0.125,0.3333333333333333,0.6666666666666666,0.5,233.5,0.375,0.7142857142857143,-0.6216968044668947,0.011099999999999999,2,4,1B,16,14,4,10,2,0,0,S7,2560.0,False,2TM,MMA,12,-0.0038122539176982163
2,4,3,3,2.0,2,0,0,1,6,2.0,1,0,0,0,0,0,0,0,0,0,0,0,0,0,1.0,1.0,2.0,3.0,1.0,1.0,,0.25,0.0,0.25,,,,69.0,1.0,2.0,2.2082075245626647,0.2962,0,0,1B,4,3,3,6,1,0,0,S7,2560.0,True,SCG,SCG,3,0.23541010908851429
4,12,11,1,1.0,0,0,0,1,4,1.0,1,0,4,0,0,0,0,0,0,1,1,2,2,0,0.09090909090909091,0.16666666666666666,0.36363636363636365,0.5303030303030303,0.2727272727272727,0.0,,0.08333333333333333,0.3333333333333333,0.08333333333333333,0.3333333333333333,0.6666666666666666,0.5,288.3333333333333,0.16666666666666666,0.36363636363636365,-2.829904329029559,-0.2851,2,4,1B,12,11,1,4,1,0,0,S7,2560.0,True,MMA,MMA,12,-0.23922236300621247
2,6,5,1,0.0,1,0,0,0,1,0.0,1,0,3,0,0,0,0,0,0,0,0,1,0,0,0.2,0.3333333333333333,0.2,0.5333333333333333,0.0,0.5,,0.0,0.5,0.16666666666666666,0.0,1.0,0.0,205.33333333333334,0.16666666666666666,0.16666666666666666,-0.7280682851829671,0.009700000000000009,0,1,XB,6,6,1,1,0,0,0,S7,2561.0,False,SCG,SCG,12,-0.05092279356992498
4,9,9,2,2.0,0,2,0,0,4,1.0,0,0,2,0,0,0,0,0,0,1,2,0,2,0,0.2222222222222222,0.2222222222222222,0.4444444444444444,0.6666666666666666,0.2222222222222222,0.2857142857142857,,0.0,0.2222222222222222,0.0,0.6,0.4,1.5,298.55555555555554,0.2222222222222222,0.4444444444444444,-0.5526837442381695,-0.025599999999999994,3,2,XB,9,9,2,4,0,0,0,S7,2563.0,False,BAC,BAC,13,-0.02244232200125937
1,2,2,0,0.0,0,0,0,0,0,0.0,0,0,0,0,0,0,0,0,0,1,0,1,0,0,0.0,0.0,0.0,0.0,0.0,0.0,,0.0,0.0,0.0,0.5,0.5,1.0,276.0,0.0,0.0,-0.4165989394094555,-0.063,1,1,BP,2,2,0,0,0,0,0,S7,2564.0,False,FAP,FAP,1,-0.03436521562482164
1,3,3,1,0.0,1,0,0,0,1,0.0,0,0,0,0,0,0,0,0,0,0,0,1,1,0,0.3333333333333333,0.3333333333333333,0.3333333333333333,0.6666666666666666,0.0,0.3333333333333333,,0.0,0.0,0.0,0.0,1.0,0.0,227.0,0.3333333333333333,0.3333333333333333,-0.09068142015227065,-0.011999999999999997,0,2,SF,3,3,1,1,0,0,0,S7,2568.0,False,MMA,MMA,3,0.0018738754589587945
5,13,13,3,1.0,3,0,0,0,3,0.0,0,0,2,0,0,0,0,0,1,3,3,1,1,0,0.23076923076923078,0.23076923076923078,0.23076923076923078,0.46153846153846156,0.0,0.2727272727272727,,0.0,0.15384615384615385,0.0,0.7777777777777778,0.2222222222222222,3.5,273.15384615384613,0.23076923076923078,0.23076923076923078,-1.4885391459315347,-0.1472,7,2,MH,13,13,3,3,0,0,0,S7,2570.0,False,SCG,SCG,13,-0.10143850553834807
9,20,19,4,4.0,0,0,0,4,16,4.0,1,0,2,0,0,0,0,0,2,5,4,4,0,0,0.21052631578947367,0.25,0.8421052631578947,1.0921052631578947,0.631578947368421,0.0,,0.2,0.1,0.05,0.7333333333333333,0.26666666666666666,2.75,238.5,0.25,0.8421052631578947,-0.8159416480752371,-0.12260000000000001,11,4,MH,20,19,4,16,1,0,0,S7,2572.0,False,FAP,FAP,10,-0.008647381646284646
12,27,23,8,6.0,3,1,2,2,19,7.0,4,0,1,0,0,0,0,0,3,7,4,3,0,0,0.34782608695652173,0.4444444444444444,0.8260869565217391,1.2705314009661834,0.4782608695652174,0.3,,0.07407407407407407,0.037037037037037035,0.14814814814814814,0.8235294117647058,0.17647058823529413,4.666666666666667,221.40740740740742,0.3333333333333333,0.6538461538461539,6.043119223655023,0.6084,14,3,MH,27,26,8,17,1,0,0,S7,2573.0,False,2TM,FAP,14,0.7027900796331751
11,25,21,7,6.0,2,1,2,2,18,7.0,4,0,1,0,0,0,0,0,3,7,3,3,0,0,0.3333333333333333,0.44,0.8571428571428571,1.2971428571428572,0.5238095238095237,0.2777777777777778,,0.08,0.04,0.16,0.8125,0.1875,4.333333333333333,215.84,0.32,0.6666666666666666,6.053835810123303,0.5997,13,3,MH,25,24,7,16,1,0,0,S7,2573.0,True,SSC,SSC,13,0.6965670599638791
1,2,2,1,0.0,1,0,0,0,1,0.0,0,0,0,0,0,0,0,0,0,0,1,0,0,0,0.5,0.5,0.5,1.0,0.0,0.5,,0.0,0.0,0.0,1.0,0.0,,291.0,0.5,0.5,-0.010716586468279055,0.008700000000000006,1,0,MH,2,2,1,1,0,0,0,S7,2573.0,True,FAP,FAP,14,0.006223019669296001
12,24,23,3,1.0,1,2,0,0,5,0.0,1,0,3,2,0,0,0,0,3,2,5,9,1,0,0.13043478260869565,0.16666666666666666,0.21739130434782608,0.38405797101449274,0.08695652173913043,0.15,,0.0,0.125,0.041666666666666664,0.5,0.5,1.0,273.27272727272725,0.16666666666666666,0.21739130434782608,-4.2159434785579375,-0.48360000000000003,10,10,BP,24,23,3,5,1,0,0,S7,2577.0,False,FAP,FAP,14,-0.33405820806230685
7,16,15,4,3.0,2,0,0,2,10,4.0,1,0,4,1,0,0,0,0,1,1,1,4,1,0,0.26666666666666666,0.3125,0.6666666666666666,0.9791666666666666,0.39999999999999997,0.2222222222222222,,0.125,0.25,0.0625,0.375,0.625,0.6,234.73333333333332,0.3125,0.6666666666666666,1.607997068905461,0.19539999999999996,3,5,BP,16,15,4,10,1,0,0,S7,2581.0,False,2TM,FAP,13,0.21915713341953733
4,10,9,3,3.0,1,0,0,2,9,4.0,1,0,3,1,0,0,0,0,1,0,1,1,1,0,0.3333333333333333,0.4,1.0,1.4,0.6666666666666667,0.25,,0.2,0.3,0.1,0.5,0.5,1.0,220.44444444444446,0.4,1.0,2.3593276881921454,0.3267,2,2,BP,10,9,3,9,1,0,0,S7,2581.0,True,BBB,BBB,9,0.2724061603998341
3,6,6,1,0.0,1,0,0,0,1,0.0,0,0,1,0,0,0,0,0,0,1,0,3,0,0,0.16666666666666666,0.16666666666666666,0.16666666666666666,0.3333333333333333,0.0,0.2,,0.0,0.16666666666666666,0.0,0.25,0.75,0.3333333333333333,256.1666666666667,0.16666666666666666,0.16666666666666666,-0.7513306192866843,-0.1313,1,3,BP,6,6,1,1,0,0,0,S7,2581.0,True,FAP,FAP,13,-0.05324902698029671
2,4,3,0,1.0,0,0,0,0,0,0.0,1,1,1,1,0,0,0,0,0,2,0,0,0,0,0.0,0.25,0.0,0.25,0.0,0.0,,0.0,0.25,0.25,1.0,0.0,,426.5,0.25,0.0,-0.5486478986427299,-0.0949,2,0,WC,4,3,0,0,1,0,0,S7,2582.0,False,SCG,SCG,11,-0.040275433232025176
6,13,11,2,3.0,1,1,0,0,3,0.0,2,0,5,4,0,0,0,0,0,1,2,0,1,0,0.18181818181818182,0.3076923076923077,0.2727272727272727,0.5804195804195804,0.09090909090909088,0.3333333333333333,,0.0,0.38461538461538464,0.15384615384615385,0.75,0.25,3.0,267.3333333333333,0.3076923076923077,0.2,-0.8108195607574389,-0.17309999999999998,3,1,XB,13,10,1,2,3,0,0,S7,2583.0,False,2TM,SSJ,12,-0.0336665470209385
5,10,8,2,3.0,1,1,0,0,3,0.0,2,0,2,2,0,0,0,0,0,1,2,0,1,0,0.25,0.4,0.375,0.775,0.125,0.3333333333333333,,0.0,0.2,0.2,0.75,0.25,3.0,255.625,0.4,0.2857142857142857,0.12282963810322733,-0.0803,3,1,XB,10,7,1,2,3,0,0,S7,2583.0,True,KNX,KNX,10,0.048756355390942266
1,3,3,0,0.0,0,0,0,0,0,0.0,0,0,3,2,0,0,0,0,0,0,0,0,0,0,0.0,0.0,0.0,0.0,0.0,,,0.0,1.0,0.0,,,,361.0,0.0,0.0,-0.9336491988606662,-0.09280000000000001,0,0,XB,3,3,0,0,0,0,0,S7,2583.0,True,SSJ,SSJ,12,-0.08242290241188076
6,13,12,3,2.0,0,2,0,1,8,2.0,1,0,2,0,0,0,0,0,0,2,1,2,2,0,0.25,0.3076923076923077,0.6666666666666666,0.9743589743589743,0.41666666666666663,0.2222222222222222,,0.07692307692307693,0.15384615384615385,0.07692307692307693,0.42857142857142855,0.5714285714285714,0.75,276.15384615384613,0.3076923076923077,0.4166666666666667,1.7878489181386037,0.0275,3,4,TT,13,12,3,5,1,0,0,S7,2585.0,False,SSJ,SSJ,14,0.22620030086866577
4,12,12,3,3.0,0,0,0,3,12,5.0,0,0,3,0,0,0,0,0,1,1,0,1,4,0,0.25,0.25,1.0,1.25,0.75,0.0,,0.25,0.25,0.0,0.2857142857142857,0.7142857142857143,0.4,231.5,0.25,1.0,2.475452826665242,0.3619,2,5,P,12,12,3,12,0,0,0,S7,2586.0,False,KNX,KNX,14,0.2913133525632676
6,17,17,5,3.0,2,1,0,2,12,2.0,0,0,1,0,0,0,0,0,1,3,2,3,3,0,0.29411764705882354,0.29411764705882354,0.7058823529411765,1.0,0.411764705882353,0.21428571428571427,,0.11764705882352941,0.058823529411764705,0.0,0.5,0.5,1.0,260.7647058823529,0.29411764705882354,0.6875,-0.7087367350642877,0.050300000000000046,6,6,XB,17,16,4,11,1,0,0,S7,2587.0,False,SCG,SCG,9,-0.00886890781937556
6,15,15,6,1.0,3,3,0,0,9,4.0,0,0,1,1,0,0,0,0,2,0,5,1,2,0,0.4,0.4,0.6,1.0,0.19999999999999996,0.42857142857142855,,0.0,0.06666666666666667,0.0,0.7,0.3,2.3333333333333335,264.7142857142857,0.4,0.6,2.422675576828912,0.5226999999999999,7,3,BC,15,15,6,9,0,0,0,S7,2588.0,False,SSJ,SSJ,14,0.2969776450538205
6,12,12,2,1.0,1,0,1,0,4,0.0,0,0,4,0,0,0,0,0,1,1,1,2,2,0,0.16666666666666666,0.16666666666666666,0.3333333333333333,0.5,0.16666666666666666,0.25,,0.0,0.3333333333333333,0.0,0.42857142857142855,0.5714285714285714,0.75,276.5833333333333,0.16666666666666666,0.3333333333333333,-1.8209379382045365,-0.04290000000000002,3,4,XB,12,12,2,4,0,0,0,S7,2589.0,False,BBB,BBB,14,-0.1383257239237102
7,17,15,5,4.0,0,2,0,3,16,4.0,2,0,1,0,0,0,0,0,0,7,2,0,0,0,0.3333333333333333,0.4117647058823529,1.0666666666666667,1.4784313725490197,0.7333333333333334,0.18181818181818182,,0.17647058823529413,0.058823529411764705,0.11764705882352941,1.0,0.0,,229.88235294117646,0.4117647058823529,1.0,3.034196937352077,0.12399999999999999,9,0,MH,17,15,5,15,2,0,0,S7,2591.0,False,WSW,WSW,14,0.3654244594222609
5,13,11,2,2.0,0,1,0,1,6,2.0,2,0,1,0,0,0,0,0,0,4,0,4,0,0,0.18181818181818182,0.3076923076923077,0.5454545454545454,0.8531468531468531,0.3636363636363636,0.1111111111111111,,0.07692307692307693,0.07692307692307693,0.15384615384615385,0.5,0.5,1.0,254.07692307692307,0.3076923076923077,0.5454545454545454,-0.7163790143173467,-0.11989999999999998,4,4,WC,13,11,2,6,2,0,0,S7,2593.0,False,RRR,RRR,12,-0.024222492376929285
5,12,11,5,2.0,2,1,0,2,12,4.0,1,0,2,0,0,0,0,0,0,1,1,0,2,0,0.45454545454545453,0.5,1.0909090909090908,1.5909090909090908,0.6363636363636362,0.42857142857142855,,0.16666666666666666,0.16666666666666666,0.08333333333333333,0.5,0.5,1.0,208.58333333333334,0.5,1.0909090909090908,2.6945986972326565,0.15709999999999996,2,2,BC,12,11,5,12,1,0,0,S7,2594.0,False,PBA,PBA,12,0.3132279396200091
6,16,13,6,3.0,5,1,0,0,7,3.0,1,0,2,0,0,0,0,2,0,0,2,4,1,0,0.46153846153846156,0.4375,0.5384615384615384,0.9759615384615384,0.07692307692307687,0.46153846153846156,,0.0,0.125,0.0625,0.2222222222222222,0.7777777777777778,0.2857142857142857,220.25,0.375,0.46153846153846156,0.7764214981867464,0.1798,2,7,BC,16,13,5,6,1,2,0,S7,2597.0,False,3TM,PBA,11,0.13599957634766588
3,8,7,3,1.0,3,0,0,0,3,1.0,0,0,2,0,0,0,0,1,0,0,1,1,1,0,0.42857142857142855,0.375,0.42857142857142855,0.8035714285714286,0.0,0.5,,0.0,0.25,0.0,0.25,0.75,0.3333333333333333,241.5,0.375,0.42857142857142855,-0.008623561422968051,0.008900000000000002,1,3,BC,8,7,3,3,0,1,0,S7,2597.0,True,FAP,FAP,6,0.02831635712219882
1,4,2,1,1.0,1,0,0,0,1,1.0,1,0,0,0,0,0,0,1,0,0,0,2,0,0,0.5,0.5,0.5,1.0,0.0,0.3333333333333333,,0.0,0.0,0.25,0.0,1.0,0.0,209.0,0.25,0.0,0.05984407936749758,0.0563,0,3,BC,4,2,0,0,1,1,0,S7,2597.0,True,SSJ,SSJ,7,0.020573764568997573
2,4,4,2,1.0,1,1,0,0,3,1.0,0,0,0,0,0,0,0,0,0,0,1,1,0,0,0.5,0.5,0.75,1.25,0.25,0.5,,0.0,0.0,0.0,0.5,0.5,1.0,189.0,0.5,0.75,0.7252009802422172,0.11460000000000001,1,1,BC,4,4,2,3,0,0,0,S7,2597.0,True,PBA,PBA,11,0.08710945465646953
3,7,6,1,1.0,0,0,0,1,4,1.0,1,0,1,0,1,0,0,0,0,0,2,0,2,0,0.16666666666666666,0.2857142857142857,0.6666666666666666,0.9523809523809523,0.5,0.0,1.0,0.14285714285714285,0.14285714285714285,0.14285714285714285,0.5,0.5,1.0,276.25,0.2857142857142857,0.6666666666666666,0.3896186371347091,0.10830000000000001,2,2,XB,7,6,1,4,1,0,0,S7,2601.0,False,RRR,RRR,13,0.0644932378199046
6,20,16,8,5.0,1,3,0,4,23,10.0,4,1,4,0,0,0,0,0,1,1,1,2,0,0,0.5,0.6,1.4375,2.0375,0.9375,0.5,,0.2,0.2,0.2,0.6,0.4,1.5,175.05263157894737,0.55,1.4375,7.674193371805864,0.783,3,2,BP,20,16,8,23,3,1,0,S7,2604.0,False,KNX,KNX,12,0.8403661203418255
7,19,15,5,3.0,2,2,0,1,10,3.0,4,1,3,0,0,1,0,0,0,2,3,2,0,0,0.3333333333333333,0.47368421052631576,0.6666666666666666,1.1403508771929824,0.3333333333333333,0.36363636363636365,0.0,0.05263157894736842,0.15789473684210525,0.21052631578947367,0.7142857142857143,0.2857142857142857,2.5,242.66666666666666,0.3684210526315789,0.5294117647058824,-0.1928195759225928,0.012500000000000006,5,2,BC,19,17,5,9,2,0,0,S7,2606.0,False,SSJ,SSJ,14,0.050017486410917834
2,6,6,0,0.0,0,0,0,0,0,0.0,0,0,3,1,0,0,0,0,1,0,2,0,1,0,0.0,0.0,0.0,0.0,0.0,0.0,,0.0,0.5,0.0,0.75,0.25,3.0,376.2,0.0,0.0,-1.6976889034849734,-0.1183,3,1,HK,6,6,0,0,0,0,0,S7,2607.0,False,PBA,PBA,8,-0.1478848554001256
1,3,3,1,0.0,1,0,0,0,1,0.0,0,0,2,2,0,0,0,0,0,0,0,0,0,0,0.3333333333333333,0.3333333333333333,0.3333333333333333,0.6666666666666666,0.0,1.0,,0.0,0.6666666666666666,0.0,,,,87.0,0.3333333333333333,0.3333333333333333,-0.5921610420938512,-0.006100000000000001,0,0,WC,3,3,1,1,0,0,0,S7,2609.0,False,RRR,RRR,4,-0.04827408673519926
6,17,16,4,3.0,0,1,2,1,12,3.0,1,0,4,0,0,1,0,0,1,4,2,1,1,0,0.25,0.29411764705882354,0.75,1.0441176470588236,0.5,0.2727272727272727,0.0,0.058823529411764705,0.23529411764705882,0.058823529411764705,0.7777777777777778,0.2222222222222222,3.5,285.6666666666667,0.29411764705882354,0.6875,2.324108734382691,0.01750000000000001,7,2,HK,17,16,4,11,1,0,0,S7,2611.0,False,SSJ,SSJ,14,0.2944156391253223
2,6,4,0,0.0,0,0,0,0,0,0.0,2,0,2,0,0,0,0,0,0,1,0,1,0,0,0.0,0.3333333333333333,0.0,0.3333333333333333,0.0,0.0,,0.0,0.3333333333333333,0.3333333333333333,0.5,0.5,1.0,213.16666666666666,0.3333333333333333,0.0,-0.8602607632263846,-0.0366,1,1,XB,6,4,0,0,2,0,0,S7,2612.0,False,CPR,CPR,9,-0.06414204137426674
1,3,3,2,0.0,1,1,0,0,3,1.0,0,0,0,0,0,0,0,0,0,0,0,1,0,0,0.6666666666666666,0.6666666666666666,1.0,1.6666666666666665,0.33333333333333337,0.6666666666666666,,0.0,0.0,0.0,0.0,1.0,0.0,133.66666666666666,0.6666666666666666,1.0,0.3606062907603193,0.08800000000000001,0,1,WC,3,3,2,3,0,0,0,S7,2616.0,False,WSW,WSW,1,0.04700264655021779
1,2,2,0,0.0,0,0,0,0,0,0.0,0,0,2,2,0,0,0,0,0,0,0,0,0,0,0.0,0.0,0.0,0.0,0.0,,,0.0,1.0,0.0,,,,,0.0,0.0,-0.4056905928238247,-0.0673,0,0,BP,2,2,0,0,0,0,0,S7,2619.0,False,FAP,FAP,1,-0.033274380966258565
11,25,19,5,5.0,4,1,0,0,6,2.0,6,0,5,2,0,0,0,0,1,6,0,1,2,0,0.2631578947368421,0.44,0.3157894736842105,0.7557894736842106,0.05263157894736842,0.35714285714285715,,0.0,0.2,0.24,0.7,0.3,2.3333333333333335,245.0,0.36,0.2857142857142857,-1.5680753469522986,-0.09859999999999995,7,3,BC,25,21,5,6,4,0,0,S7,2621.0,False,WSW,WSW,14,-0.06562405574368102
3,7,6,0,0.0,0,0,0,0,0,0.0,1,0,0,0,0,0,0,0,1,0,2,3,1,0,0.0,0.14285714285714285,0.0,0.14285714285714285,0.0,0.0,,0.0,0.0,0.14285714285714285,0.42857142857142855,0.5714285714285714,0.75,283.14285714285717,0.14285714285714285,0.0,-1.9244298480815496,-0.2204,3,4,EN,7,6,0,0,1,0,0,S7,2622.0,False,WSW,WSW,6,-0.16691161070172128
9,25,22,9,4.0,4,3,0,2,18,5.0,3,0,3,0,2,0,0,0,1,3,1,5,1,0,0.4090909090909091,0.48,0.8181818181818182,1.2981818181818183,0.4090909090909091,0.4117647058823529,1.0,0.08,0.12,0.12,0.45454545454545453,0.5454545454545454,0.8333333333333334,209.1851851851852,0.48,0.8095238095238095,3.642869959969451,0.0369,5,6,SF,25,21,8,17,4,0,0,S7,2624.0,False,SCG,SCG,14,0.4554704749484939
5,12,11,2,2.0,0,0,1,1,7,1.0,1,0,1,0,0,0,0,0,1,1,2,3,2,0,0.18181818181818182,0.25,0.6363636363636364,0.8863636363636364,0.45454545454545453,0.1111111111111111,,0.08333333333333333,0.08333333333333333,0.08333333333333333,0.4444444444444444,0.5555555555555556,0.8,263.90909090909093,0.25,0.6363636363636364,-0.6078234589384655,0.23719999999999997,4,5,XB,12,11,2,7,1,0,0,S7,2625.0,False,WSW,WSW,7,-0.017014275997103107
6,16,13,2,0.0,2,0,0,0,2,0.0,3,0,2,0,0,0,0,0,1,0,5,3,1,0,0.15384615384615385,0.3125,0.15384615384615385,0.46634615384615385,0.0,0.18181818181818182,,0.0,0.125,0.1875,0.6,0.4,1.5,297.875,0.25,0.14285714285714285,-2.0521645467090384,-0.22809999999999997,6,4,BN,16,14,2,2,2,0,0,S7,2626.0,False,MMA,MMA,13,-0.1468590281419126
11,32,30,3,0.0,3,0,0,0,3,1.0,2,0,9,0,0,0,0,0,3,5,4,7,2,0,0.1,0.15625,0.1,0.25625,0.0,0.14285714285714285,,0.0,0.28125,0.0625,0.5714285714285714,0.42857142857142855,1.3333333333333333,292.65625,0.15625,0.1,-6.328812205935363,-0.6966,12,9,TT,32,30,3,3,2,0,0,S7,2627.0,False,2TM,MMA,14,-0.5161663675355538
11,29,27,2,0.0,2,0,0,0,2,1.0,2,0,8,0,0,0,0,0,3,5,4,6,2,0,0.07407407407407407,0.13793103448275862,0.07407407407407407,0.2120051085568327,0.0,0.10526315789473684,,0.0,0.27586206896551724,0.06896551724137931,0.6,0.4,1.5,301.55172413793105,0.13793103448275862,0.07407407407407407,-5.9907753022031285,-0.6192,12,8,TT,29,27,2,2,2,0,0,S7,2627.0,True,MMA,MMA,14,-0.4933046946365162
1,3,3,1,0.0,1,0,0,0,1,0.0,0,0,1,0,0,0,0,0,0,0,0,1,0,0,0.3333333333333333,0.3333333333333333,0.3333333333333333,0.6666666666666666,0.0,0.5,,0.0,0.3333333333333333,0.0,0.0,1.0,0.0,206.66666666666666,0.3333333333333333,0.3333333333333333,-0.3380369037322341,-0.0774,0,1,TT,3,3,1,1,0,0,0,S7,2627.0,True,FAP,FAP,14,-0.02286167289903755
6,15,14,3,3.0,2,0,0,1,6,1.0,1,0,4,1,0,0,0,0,0,0,2,1,4,0,0.21428571428571427,0.26666666666666666,0.42857142857142855,0.6952380952380952,0.21428571428571427,0.2222222222222222,,0.06666666666666667,0.26666666666666666,0.06666666666666667,0.2857142857142857,0.7142857142857143,0.4,276.92857142857144,0.26666666666666666,0.42857142857142855,-1.407126121862409,-0.14790000000000003,2,5,WC,15,14,3,6,1,0,0,S7,2628.0,False,SSJ,SSJ,10,-0.08600252481531159
11,31,29,6,4.0,3,2,0,1,11,2.0,2,0,1,0,0,0,0,0,1,8,5,5,4,0,0.20689655172413793,0.25806451612903225,0.3793103448275862,0.6373748609566184,0.17241379310344826,0.18518518518518517,,0.03225806451612903,0.03225806451612903,0.06451612903225806,0.6086956521739131,0.391304347826087,1.5555555555555556,248.48387096774192,0.22580645161290322,0.3448275862068966,-2.6059554012079453,-0.47729999999999995,14,9,MH,31,29,5,10,2,0,0,S7,2631.0,False,FAP,FAP,14,-0.14752802622087396
2,4,3,1,1.0,0,0,0,1,4,2.0,0,0,0,0,0,0,0,1,0,0,0,3,0,0,0.3333333333333333,0.25,1.3333333333333333,1.5833333333333333,1.0,0.0,,0.25,0.0,0.0,0.0,1.0,0.0,179.75,0.25,1.3333333333333333,0.569375620792407,0.012599999999999995,0,4,WC,4,3,1,4,0,1,0,S7,2633.0,False,2TM,BBB,7,0.0715269187114885
1,1,0,0,0.0,0,0,0,0,0,1.0,0,0,0,0,0,0,0,1,0,0,0,1,0,0,,0.0,,,,0.0,,0.0,0.0,0.0,0.0,1.0,0.0,273.0,0.0,,0.35025797373358347,0.0051,0,2,WC,1,0,0,,0,1,0,S7,2633.0,True,FAP,FAP,4,0.0386731365314203
1,3,3,1,1.0,0,0,0,1,4,1.0,0,0,0,0,0,0,0,0,0,0,0,2,0,0,0.3333333333333333,0.3333333333333333,1.3333333333333333,1.6666666666666665,1.0,0.0,,0.3333333333333333,0.0,0.0,0.0,1.0,0.0,148.66666666666666,0.3333333333333333,1.3333333333333333,0.21911764705882353,0.0074999999999999945,0,2,WC,3,3,1,4,0,0,0,S7,2633.0,True,BBB,BBB,7,0.032853782180068215
2,5,4,2,3.0,1,1,0,0,3,0.0,1,0,0,0,0,0,0,0,0,0,0,1,1,0,0.5,0.6,0.75,1.35,0.25,0.5,,0.0,0.0,0.2,0.0,1.0,0.0,184.0,0.6,0.75,0.6699751128407836,0.12109999999999999,0,2,XB,5,4,2,3,1,0,0,S7,2634.0,False,MMA,MMA,14,0.08523420707438813
2,3,3,0,0.0,0,0,0,0,0,0.0,0,0,3,3,0,0,0,0,0,0,0,0,0,0,0.0,0.0,0.0,0.0,0.0,,,0.0,1.0,0.0,,,,,0.0,0.0,-0.7653410201289818,-0.1114,0,0,S,3,3,0,0,0,0,0,S7,2635.0,False,FAP,FAP,6,-0.06559208453871232
1,2,1,0,0.0,0,0,0,0,0,0.0,1,0,1,0,0,0,0,0,0,0,0,0,0,0,0.0,0.5,0.0,0.5,0.0,,,0.0,0.5,0.5,,,,220.0,0.5,0.0,0.17918898621178542,-0.0029,0,0,S,2,1,0,0,1,0,0,S7,2636.0,False,BBB,BBB,8,0.025213576937302452
1,3,1,0,0.0,0,0,0,0,0,0.0,2,0,1,0,0,0,0,0,0,0,0,0,0,0,0.0,0.6666666666666666,0.0,0.6666666666666666,0.0,,,0.0,0.3333333333333333,0.6666666666666666,,,,217.33333333333334,0.6666666666666666,0.0,0.008597047537732161,0.01920000000000001,0,0,BC,3,1,0,0,2,0,0,S7,2637.0,False,PBA,PBA,14,0.011801722227959076
3,11,11,2,1.0,1,0,0,1,5,1.0,0,0,3,0,0,0,0,0,0,4,2,0,0,0,0.18181818181818182,0.18181818181818182,0.45454545454545453,0.6363636363636364,0.2727272727272727,0.14285714285714285,,0.09090909090909091,0.2727272727272727,0.0,1.0,0.0,,314.90909090909093,0.18181818181818182,0.45454545454545453,-0.700068213208346,-0.16649999999999998,6,0,XB,11,11,2,5,0,0,0,S7,2638.0,False,2TM,TBL,13,-0.029886090582153114
3,8,8,1,0.0,1,0,0,0,1,0.0,0,0,2,0,0,0,0,0,0,3,2,0,0,0,0.125,0.125,0.125,0.25,0.0,0.16666666666666666,,0.0,0.25,0.0,1.0,0.0,,349.75,0.125,0.125,-1.1150707556118389,-0.2576,5,0,XB,8,8,1,1,0,0,0,S7,2638.0,True,TBL,TBL,13,-0.08232836229668826
1,3,3,1,1.0,0,0,0,1,4,1.0,0,0,1,0,0,0,0,0,0,1,0,0,0,0,0.3333333333333333,0.3333333333333333,1.3333333333333333,1.6666666666666665,1.0,0.0,,0.3333333333333333,0.3333333333333333,0.0,1.0,0.0,,222.0,0.3333333333333333,1.3333333333333333,0.41500254240349294,0.09110000000000001,1,0,XB,3,3,1,4,0,0,0,S7,2638.0,True,FAP,FAP,7,0.05244227171453515
3,8,8,1,1.0,0,1,0,0,2,0.0,0,0,2,0,0,0,0,0,1,3,1,1,0,0,0.125,0.125,0.25,0.375,0.125,0.16666666666666666,,0.0,0.25,0.0,0.8333333333333334,0.16666666666666666,5.0,310.75,0.125,0.25,-0.7921834353546375,-0.0767,5,1,BC,8,8,1,2,0,0,0,S7,2639.0,False,SSC,SSC,10,-0.050039630270968125
5,8,8,2,1.0,0,1,0,1,6,1.0,0,0,4,3,0,0,0,0,0,1,1,0,0,0,0.25,0.25,0.75,1.0,0.5,0.3333333333333333,,0.125,0.5,0.0,1.0,0.0,,239.0,0.25,0.75,-0.8126426439586277,-0.19190000000000002,2,0,XB,8,8,2,6,0,0,0,S7,2640.0,False,2TM,FAP,13,-0.05208555113136715
2,5,5,2,1.0,0,1,0,1,6,1.0,0,0,2,1,0,0,0,0,0,1,0,0,0,0,0.4,0.4,1.2,1.6,0.7999999999999999,0.5,,0.2,0.4,0.0,1.0,0.0,,188.5,0.4,1.2,-0.030458150623815294,-0.11439999999999997,1,0,XB,5,5,2,6,0,0,0,S7,2640.0,True,SSC,SSC,10,0.015190880727928235
3,3,3,0,0.0,0,0,0,0,0,0.0,0,0,2,2,0,0,0,0,0,0,1,0,0,0,0.0,0.0,0.0,0.0,0.0,0.0,,0.0,0.6666666666666666,0.0,1.0,0.0,,441.0,0.0,0.0,-0.7821844933348127,-0.0775,1,0,XB,3,3,0,0,0,0,0,S7,2640.0,True,FAP,FAP,13,-0.06727643185929541
2,5,4,1,0.0,1,0,0,0,1,0.0,1,0,0,0,0,0,0,0,0,1,1,1,0,0,0.25,0.4,0.25,0.65,0.0,0.25,,0.0,0.0,0.2,0.6666666666666666,0.3333333333333333,2.0,226.2,0.4,0.25,-0.18322945181599593,-0.0419,2,1,MH,5,4,1,1,1,0,0,S7,2641.0,False,CPR,CPR,14,-8.624939128982767e-05
2,6,6,0,0.0,0,0,0,0,0,0.0,0,0,3,0,0,0,0,0,0,2,1,0,0,0,0.0,0.0,0.0,0.0,0.0,0.0,,0.0,0.5,0.0,1.0,0.0,,385.8333333333333,0.0,0.0,-2.600037571118534,-0.3242,3,0,WC,6,6,0,0,0,0,0,S7,2642.0,False,MMA,MMA,11,-0.2381197221634817
2,4,4,0,0.0,0,0,0,0,0,1.0,0,0,2,0,0,0,0,0,1,1,1,0,0,0,0.0,0.0,0.0,0.0,0.0,0.0,,0.0,0.5,0.0,1.0,0.0,,355.25,0.0,0.0,-1.6358250431177632,-0.22649999999999998,3,0,S,4,4,0,0,0,0,0,S7,2643.0,False,CPR,CPR,11,-0.1489931476795285
1,3,3,0,0.0,0,0,0,0,0,0.0,0,0,1,0,0,0,0,0,0,1,0,1,0,0,0.0,0.0,0.0,0.0,0.0,0.0,,0.0,0.3333333333333333,0.0,0.5,0.5,1.0,311.3333333333333,0.0,0.0,-0.9749523670099183,-0.1189,1,1,XB,3,3,0,0,0,0,0,S7,2645.0,False,FAP,FAP,10,-0.08655321922680596
5,13,10,5,5.0,1,4,0,0,9,3.0,3,0,1,0,0,0,0,0,1,0,1,1,2,0,0.5,0.6153846153846154,0.9,1.5153846153846153,0.4,0.5555555555555556,,0.0,0.07692307692307693,0.23076923076923078,0.4,0.6,0.6666666666666666,191.46153846153845,0.6153846153846154,0.7777777777777778,1.168946939076689,0.2363,2,3,BC,13,9,4,7,4,0,0,S7,2646.0,False,2TM,SSC,14,0.16431010296247428
1,3,3,1,0.0,0,1,0,0,2,2.0,0,0,0,0,0,0,0,0,0,0,0,1,1,0,0.3333333333333333,0.3333333333333333,0.6666666666666666,1.0,0.3333333333333333,0.3333333333333333,,0.0,0.0,0.0,0.0,1.0,0.0,208.66666666666666,0.3333333333333333,0.6666666666666666,1.1030942502709717,-0.009300000000000003,0,2,BC,3,3,1,2,0,0,0,S7,2646.0,True,FAP,FAP,10,0.12125144250128303
4,10,7,4,5.0,1,3,0,0,7,1.0,3,0,1,0,0,0,0,0,1,0,1,0,1,0,0.5714285714285714,0.7,1.0,1.7,0.4285714285714286,0.6666666666666666,,0.0,0.1,0.3,0.6666666666666666,0.3333333333333333,2.0,186.3,0.7,0.8333333333333334,0.06585268880571726,0.2456,2,1,BC,10,6,3,5,4,0,0,S7,2646.0,True,SSC,SSC,14,0.04305866046119126
3,6,6,0,0.0,0,0,0,0,0,0.0,0,0,2,0,0,0,0,0,0,1,1,0,2,0,0.0,0.0,0.0,0.0,0.0,0.0,,0.0,0.3333333333333333,0.0,0.5,0.5,1.0,361.8333333333333,0.0,0.0,-2.4093538236303287,-0.15749999999999997,2,2,XB,6,6,0,0,0,0,0,S7,2647.0,False,2TM,FAP,13,-0.21905134741466115
2,5,5,0,0.0,0,0,0,0,0,0.0,0,0,1,0,0,0,0,0,0,1,1,0,2,0,0.0,0.0,0.0,0.0,0.0,0.0,,0.0,0.2,0.0,0.5,0.5,1.0,379.4,0.0,0.0,-2.162190100167717,-0.13269999999999998,2,2,XB,5,5,0,0,0,0,0,S7,2647.0,True,SSC,SSC,12,-0.19798231422646193
1,1,1,0,0.0,0,0,0,0,0,0.0,0,0,1,0,0,0,0,0,0,0,0,0,0,0,0.0,0.0,0.0,0.0,0.0,,,0.0,1.0,0.0,,,,274.0,0.0,0.0,-0.24716372346261167,-0.0248,0,0,XB,1,1,0,0,0,0,0,S7,2647.0,True,FAP,FAP,13,-0.021069033188199214
2,5,5,1,1.0,0,1,0,0,2,0.0,0,0,0,0,0,0,0,0,0,1,0,2,1,0,0.2,0.2,0.4,0.6000000000000001,0.2,0.2,,0.0,0.0,0.0,0.25,0.75,0.3333333333333333,273.0,0.2,0.4,-0.29531322865093207,-0.11599999999999999,1,3,S,5,5,1,2,0,0,0,S7,2650.0,False,SSJ,SSJ,12,-0.011294627074783441
2,6,4,0,0.0,0,0,0,0,0,0.0,2,0,2,0,0,0,0,0,0,0,0,2,0,0,0.0,0.3333333333333333,0.0,0.3333333333333333,0.0,0.0,,0.0,0.3333333333333333,0.3333333333333333,0.0,1.0,0.0,253.5,0.16666666666666666,0.0,-0.5318349280794477,-0.1092,0,2,BP,6,5,0,0,1,0,0,S7,2651.0,False,2TM,MMA,13,-0.03129945785957304
1,3,2,0,0.0,0,0,0,0,0,0.0,1,0,1,0,0,0,0,0,0,0,0,1,0,0,0.0,0.3333333333333333,0.0,0.3333333333333333,0.0,0.0,,0.0,0.3333333333333333,0.3333333333333333,0.0,1.0,0.0,261.3333333333333,0.3333333333333333,0.0,-0.27777408668226,-0.0506,0,1,BP,3,2,0,0,1,0,0,S7,2651.0,True,FAP,FAP,12,-0.01683539119404014
1,3,2,0,0.0,0,0,0,0,0,0.0,1,0,1,0,0,0,0,0,0,0,0,1,0,0,0.0,0.3333333333333333,0.0,0.3333333333333333,0.0,0.0,,0.0,0.3333333333333333,0.3333333333333333,0.0,1.0,0.0,245.66666666666666,0.0,0.0,-0.2540608413971877,-0.0586,0,1,BP,3,3,0,0,0,0,0,S7,2651.0,True,MMA,MMA,13,-0.01446406666553291
2,5,5,1,1.0,0,1,0,0,2,0.0,0,0,0,0,0,0,0,0,0,0,0,3,1,0,0.2,0.2,0.4,0.6000000000000001,0.2,0.2,,0.0,0.0,0.0,0.0,1.0,0.0,222.4,0.2,0.2,-0.0937002581736664,-0.04610000000000001,0,4,BC,5,5,1,1,0,0,0,S7,2653.0,False,2TM,FAP,14,0.008866669972943126
1,3,3,1,1.0,0,1,0,0,2,0.0,0,0,0,0,0,0,0,0,0,0,0,1,1,0,0.3333333333333333,0.3333333333333333,0.6666666666666666,1.0,0.3333333333333333,0.3333333333333333,,0.0,0.0,0.0,0.0,1.0,0.0,224.33333333333334,0.3333333333333333,0.3333333333333333,0.22574615141743168,0.052599999999999994,0,2,BC,3,3,1,1,0,0,0,S7,2653.0,True,SSC,SSC,13,0.03351663261592903
1,2,2,0,0.0,0,0,0,0,0,0.0,0,0,0,0,0,0,0,0,0,0,0,2,0,0,0.0,0.0,0.0,0.0,0.0,0.0,,0.0,0.0,0.0,0.0,1.0,0.0,219.5,0.0,0.0,-0.31944640959109805,-0.09870000000000001,0,2,BC,2,2,0,0,0,0,0,S7,2653.0,True,FAP,FAP,14,-0.024649962642985898
2,5,5,1,1.0,0,1,0,0,2,1.0,0,0,3,0,0,0,0,0,0,0,0,1,0,0,0.2,0.2,0.4,0.6000000000000001,0.2,0.5,,0.0,0.6,0.0,0.0,1.0,0.0,203.8,0.2,0.4,-0.31307687549620167,-0.04179999999999999,0,1,XB,5,5,1,2,0,0,0,S7,2654.0,False,FAP,FAP,14,-0.013070991759310402
2,5,4,1,0.0,1,0,0,0,1,0.0,1,0,0,0,0,0,0,0,0,3,0,0,0,0,0.25,0.4,0.25,0.65,0.0,0.25,,0.0,0.0,0.2,1.0,0.0,,304.0,0.4,0.25,0.1297194094876858,0.07719999999999999,3,0,XB,5,4,1,1,1,0,0,S7,2655.0,False,FAP,FAP,14,0.031208636739078345
1,1,1,0,0.0,0,0,0,0,0,0.0,0,0,0,0,0,0,0,0,0,0,0,1,0,0,0.0,0.0,0.0,0.0,0.0,0.0,,0.0,0.0,0.0,0.0,1.0,0.0,206.0,0.0,0.0,-0.16943521594684385,-0.0242,0,1,P,1,1,0,0,0,0,0,S7,2657.0,False,TRI,TRI,14,-0.013296182436622433
